id	B-cells	CD4+ T-cells	CD4+ Tcm	CD4+ memory T-cells	CD4+ naive T-cells	CD8+ T-cells	CD8+ Tcm	CD8+ Tem	CD8+ naive T-cells	Memory B-cells	NK cells	NKT	Th2 cells	naive B-cells	pro B-cells
GSM1594247	0.1486	0.0403	0.0212	0.013	0.049	0.1188	0.0821	0.0266	0.0038	0.055	0.0032	0.0309	0	0.0609	0.0137
GSM1594250	0.1252	0.0067	0	0	0.0158	0.0636	0.0678	0.0085	5.00E-04	0.0432	0	0.1099	0	0.054	0.011
GSM1594253	0.0767	0.0149	0.0201	3.00E-04	0.0256	0.0765	0.0784	0	0.0078	0.026	0	0.063	0	0.0558	0.0025
GSM1594254	0.17	0.0707	0.0248	0.0347	0.0737	0.1774	0.151	0.0217	0.0111	0.0543	0	0	0.0383	0.0743	0.0138
GSM1594255	0.2079	0.0332	0.0412	0.0113	0.0336	0.1058	0.0856	0.0177	0.0169	0.0751	0.0017	0.0303	0.0065	0.0624	0.0219
GSM1594256	0.2305	0.0349	0	0.0092	0.0413	0.1212	0.1056	0.0285	0.0073	0.0743	0	0.0117	0.0238	0.0878	0.024
GSM1594257	0.2416	0.0602	0.04	0.0296	0.0694	0.1425	0.1217	0.0147	0.0184	0.0786	0	0.0188	0.024	0.085	0.0184
GSM1594258	0.0858	0.0176	0.0383	0	0.0236	0.0629	0.0635	0.0121	0.0047	0.0355	0	0.0868	0.0032	0.0319	0
GSM1594259	0.1524	0.0329	0.0518	0	0.0312	0.1003	0.079	0.0022	0.0078	0.0477	0	0.0336	0	0.0678	0.0147
GSM1594260	0.1274	0.0168	0.0016	0	0.0239	0.0904	0.098	0.0178	0.0029	0.0352	0	0.0485	0.0065	0.0512	0.0051
GSM1594261	0.0715	0.0362	0.033	0.004	0.0584	0.1063	0.1165	0.0079	0.0113	0.0237	0	0.0407	0.0532	0.0238	0
GSM1594262	0.1995	0.0567	0.0369	0.0118	0.0539	0.1206	0.1058	0.0273	0.0077	0.073	0	0.0251	0.0194	0.0718	0.0164
GSM1594263	0.2224	0.0599	0.0405	0.014	0.0502	0.1013	0.0834	0	0.0077	0.0733	0	0.0122	0.021	0.0816	0.0396
GSM1594264	0.08	0.0307	0.0174	0.0155	0.0256	0.0865	0.1001	0.0231	0.0029	0.0216	0.0138	0.0289	0.0166	0.0322	0.0023
GSM1594265	0.1871	0.03	0.0456	0.0098	0.0259	0.0964	0.0773	0.0122	0.0053	0.0563	0.001	0.0366	0.0281	0.0764	0.0153
GSM1594266	0.1123	0.044	0.0018	0.0172	0.0435	0.1279	0.1364	0.017	0.0032	0.0258	0	0.004	0.0717	0.0387	0.0086
GSM1594267	0.1414	0.0397	0.0401	0.0148	0.0508	0.1052	0.0991	0.0124	0.0071	0.0541	0	0.0992	0.024	0.0547	0
GSM1594574	0.1279	0.0215	0.0121	0.006	0.0281	0.0793	0.0835	0	0	0.039	0	0.0544	0.0093	0.038	0.0118
GSM1594575	0.1638	0.0494	0.0275	0.0213	0.0368	0.067	0.0857	0.0141	0.0069	0.0515	0	0.0698	0	0.0574	0.0092
GSM1594576	0.1759	0.0182	0.0067	0.0115	0.0177	0.1068	0.0964	0.046	0.0043	0.0596	0.034	0.0017	0.0074	0.0583	0.0202
GSM1594577	0.2306	0.0379	0.0125	0.0275	0.062	0.125	0.1204	0.0151	0.0035	0.0696	5.00E-04	0.0164	0.0056	0.0932	0.0248
GSM1594578	0.2274	0	0	0	0.0044	0.0735	0.0661	0.0158	0	0.0763	0	0.0287	0	0.0891	0.025
GSM1594579	0.168	0.0315	0.003	0.0123	0.0339	0.1033	0.0981	0.0253	0.0072	0.0528	0	0.0297	0.0416	0.0594	0.0136
GSM1594580	0.1862	0.0484	0.0317	0.0111	0.0707	0.1561	0.1075	0.0366	0.0086	0.0592	0	0.0147	0	0.0794	0.0204
GSM1594581	0.232	0.0387	0.0437	0.0075	0.047	0.0961	0.0888	5.00E-04	0.0142	0.0765	0	0.029	0	0.0959	0.0204
GSM1594582	0.1709	0.0145	0	0.0015	0.0248	0.0972	0.0901	0.0048	0.0047	0.0637	0	0.0356	0.0108	0.0714	0.012
GSM1594583	0.1317	0.0482	0.0234	0.0183	0.0379	0.1229	0.1276	0.0096	0.0044	0.0378	0	0	0	0.0583	0.0143
GSM1594584	0.1419	0.0224	0.0138	0.0053	0.0284	0.096	0.0723	0.0096	0.0093	0.0432	0.0018	0.0311	0.0036	0.0558	0.0125
GSM1594585	0.1737	0.0234	0.0096	0.0074	0.0267	0.0744	0.0831	0.0089	0.0026	0.0597	0	0.0339	0.001	0.0684	0.0123
GSM1594586	0.1797	0.0608	0.0382	0.0242	0.0591	0.1159	0.1154	0.0283	0.0105	0.0596	0	0.0054	0	0.0611	0.0196
GSM1594587	0.1454	0.0142	0.025	0	0.0204	0.0955	0.0931	0.0084	0.0093	0.044	0	0.0707	0.0014	0.053	0.0118
GSM1594588	0.175	0.0487	0.0566	0.0136	0.0269	0.0865	0.0753	0.0107	0.0053	0.0463	0	0.0348	0.0235	0.0775	0.0083
GSM1594589	0.1528	0.0329	0.0291	0.0083	0.0373	0.0824	0.0704	0.0079	0.0039	0.0683	1.00E-04	0.0479	0.0152	0.0708	0.0144
GSM1594590	0.127	0.0412	0.0166	0.0076	0.0534	0.1371	0.1265	0.013	0.0115	0.0429	0.0033	0.0125	0.0375	0.0623	0.0102
GSM1594591	0.1582	0.0528	0.0275	0.0136	0.0578	0.0765	0.0921	0.0045	0.0068	0.0498	0	0.0167	0.0366	0.0554	0.0239
GSM1594592	0.1924	0.0379	0.0244	0.011	0.0391	0.1232	0.1105	0.0272	0.0088	0.0683	0	0.0139	0.0263	0.055	0.0209
GSM1594593	0.1774	0.0368	0.0165	0.0116	0.0501	0.09	0.1017	0.003	0.0057	0.0575	0	0.0533	0	0.0654	0.0316
GSM1594594	0.0965	0.0308	0.0243	0	0.0426	0.1003	0.0934	0.0186	0.0059	0.0291	0	0.0389	0.0015	0.0487	2.00E-04
GSM1594595	0.1706	0.0266	0.0161	0	0.034	0.0789	0.0693	0	0.0082	0.0563	0	0.0401	0	0.066	0.0123
GSM1594596	0.1551	0.0444	0.013	0.0143	0.0614	0.1082	0.1247	0.0178	0.0048	0.0512	0.0039	0.0097	0.0539	0.0619	0.0201
GSM1594597	0.2278	0.0244	0.0217	0.0055	0.0377	0.074	0.0838	2.00E-04	0.0101	0.0782	0	0.0553	0.0081	0.1079	0.016
GSM1594598	0.108	0.0205	0.0047	0.005	0.0282	0.0816	0.0868	0.0029	0.0031	0.0433	0	0.0431	0	0.0569	0.0053
GSM1594599	0.1353	0.0324	0.0321	0.0131	0.0266	0.0919	0.0853	0.0149	0.0084	0.0347	0.0071	0.0276	0.0164	0.0591	0.0056
GSM1594600	0.1312	0.0222	0.0191	0	0.0336	0.0715	0.0578	0	0	0.0464	0	0.0423	0.021	0.0635	0.0063
GSM1594601	0.1141	0.0346	0.0345	0.0036	0.0482	0.0782	0.0783	0	0.0084	0.0326	0	0.0177	0.0098	0.0409	0.0106
GSM1594602	0.1611	0.0025	0	0	0.0238	0.0843	0.0651	0	0.006	0.0576	0	0.0546	0.0191	0.0633	0.0224
GSM1594603	0.1714	0.0237	0	0.0031	0.0447	0.0778	0.0683	0	0.0035	0.0539	0	0.0173	0.012	0.0709	0.0164
GSM1594604	0.142	0.0299	0	0.0079	0.0339	0.0902	0.0856	0.0221	0.0054	0.046	7.00E-04	0.0231	0	0.0484	0.012
GSM1594268	0.0601	0	0	0	0	0	0.0041	0	0	0.0157	0	0.0865	0.0055	0.0125	0.013
GSM1594269	0.1407	0	0.0119	0	0.006	0.045	0.0332	0	0.0031	0.0424	0	0.072	0	0.0534	0.0029
GSM1594270	0.1395	0.0188	0.0115	0.0116	0.0096	0.0597	0.0834	0.0108	0.0016	0.0491	0	0.0265	0.0333	0.0355	0.0179
GSM1594271	0.1406	0	0	0	0	0.0144	0.0279	0	0	0.047	0	0.0767	0	0.0623	0.0076
GSM1594272	0.155	0	0	0	0	0	0.0369	0	0	0.0496	0	0.0271	0	0.0422	0.0235
GSM1594273	0.1377	0.0222	0.0064	0	0.0291	0.0929	0.1065	0.0243	0	0.044	0.0146	0.022	0	0.0601	0.0119
GSM1594274	0.0601	0	0.0131	0	0	0	0.0074	0	0	0.0153	0	0.0408	0	0.0281	0.0098
GSM1594275	0.0236	0.0133	0.0164	0.0029	0.0057	0.0657	0.0988	0.025	8.00E-04	0.005	0.0128	0.0325	0	0.0119	0.0015
GSM1594276	0.0389	0	0.0043	0	0	0.0508	0.0772	0.01	0.0036	0.0173	0	0.1254	0.0081	0.0136	0
GSM1594277	0.0496	0	0	0	0.0078	0.0266	0.04	0.0078	0	0.0158	0.0152	0.0501	0.0108	0.0134	0
GSM1594278	0.0792	0	0	1.00E-04	0.0058	0.0295	0.0474	0.0058	3.00E-04	0.0272	0.0104	0.0417	0	0.0208	0.0062
GSM1594279	0.0457	0.0412	0.0223	0.0222	0.0219	0.0816	0.1312	0.0126	0.014	0.0103	0	0.0322	0.0709	0.0048	0.0032
GSM1594280	0.1388	0.0434	0.0361	0.0246	0.0332	0.0659	0.0906	0.0102	0.0026	0.0464	0	0.0375	0.0181	0.0563	0.0142
GSM1594281	0.0486	0.0195	0.0257	0.0056	0.0132	0.0748	0.0678	0.0075	0.0073	0.0128	0	0.0715	0	0.0147	0
GSM1594282	0.1905	0	0	0	0	0.0279	0.026	0	0	0.0724	0	0.0847	2.00E-04	0.0658	0.0167
GSM1594283	0.189	0	0.0059	0	0	0.0244	0.0286	0	0.002	0.0688	0	0.0511	0	0.0537	0.0206
GSM1594284	0.0462	0.0172	0.0163	0.0019	0.0075	0.0773	0.098	0.0018	0.0061	0.0154	0	0.0255	0	0.0107	7.00E-04
GSM1594285	0.0419	0	0.0077	0	0	0.0143	0.0474	0	0	0.0175	0	0.1276	0.04	0.0056	0
GSM1594286	0.1766	0.0144	0.021	0	0.0194	0.0707	0.0715	2.00E-04	0.0108	0.0576	0	0.0378	0.0063	0.0706	0.0144
GSM1594287	0.158	0.0123	0	0	0.0178	0.1034	0.1121	0.0353	0.0074	0.0525	0.0066	0.0294	0.0051	0.0449	0.0221
GSM1594288	0.0757	0	0	0	0	0	0.0178	0	0	0.0298	0	0.1734	0	0.0199	0
GSM1594289	0.0699	0.0122	0.026	1.00E-04	0.0143	0.0875	0.0953	0.0086	0.0045	0.0197	0	0.0558	0	0.0267	0
GSM1594290	0.1263	0.0342	0.0268	0.0161	0.0068	0.079	0.1069	0.0224	8.00E-04	0.0415	0.0038	0.0475	0.009	0.0255	0.011
GSM1594291	0.2512	0.0112	0.0095	0	0.0195	0.0299	0.0218	0	0	0.081	0	0.0696	0	0.0857	0.0264
GSM1594292	0.161	0.0059	0.0151	0.0035	0	0.0422	0.0619	0	0	0.059	0	0.0843	0	0.0461	0.0143
GSM1594293	0.0338	0.0183	0.0124	0.008	0.0042	0.0718	0.1075	0.0138	0	0.0061	0.0051	0.0966	0	0.013	0
GSM1594294	0.0571	0.0121	0.0058	0	0.0206	0.0749	0.0879	0	0.004	0.0227	0	0.0308	0	0.021	0
GSM1594295	0.1888	0.0336	0.0384	0.0159	0.0223	0.0826	0.1033	0.0022	0.0075	0.0587	0	0.0108	0	0.0694	0.016
GSM1594296	0.0155	0	0	0	0	0.002	0.0178	0	0	0	0	0.0653	0	0.0033	0
GSM1594297	0.0392	0	0	0	0.0057	0.05	0.0651	0	0.0019	0.0102	0	0.0767	0	0.0096	0.0032
GSM1594298	0.0484	0.0063	0.0011	0	0.0118	0.0944	0.1025	0.0015	0.0044	0.0184	0	0.0417	0	0.0149	0
GSM1594299	0.0306	0.0145	0.0251	0.0063	0	0.0687	0.1071	0.0163	0	0.0057	3.00E-04	0.066	0	0.0105	0
GSM1594300	0.1765	0.0482	0.0321	0.0225	0.037	0.1029	0.1201	0.0073	0.0172	0.0531	0	0.0088	0	0.0531	0.0239
GSM1594301	0.0377	0.0287	5.00E-04	0.0067	0.0184	0.1011	0.127	0.0264	0.0054	0.0099	0.0113	0.0192	0.0142	0.0147	0.0019
GSM1594302	0.1604	0.038	0.0373	0.0165	0.0051	0.072	0.0986	0.0088	0.0013	0.053	0	0.0581	0	0.0654	0.0181
GSM1594303	0.0797	0.0165	0.0153	0.0016	0.0131	0.0972	0.1111	0.0044	0.0035	0.03	0	0.0303	0	0.0257	0.0054
GSM1594304	0.1534	0.0062	0	0.0083	0	0.0459	0.0859	0.0127	0	0.0486	0.0035	0.0731	0	0.048	0.0101
GSM1594305	0.2365	0.0382	0.0244	0.0072	0.0438	0.0547	0.0326	9.00E-04	0.003	0.0733	0	0.0212	0	0.0914	0.0224
GSM1594306	0.0729	0.0175	0.022	0.0077	0.0192	0.0489	0.0501	0	0.0024	0.031	0	0.0338	0	0.0271	0.0082
GSM1594307	0.1845	0.0109	0.0133	0.005	0.0039	0.0681	0.0595	0.0083	0	0.0589	0	0.0329	0.0075	0.0658	0.0298
GSM1594308	0.2252	0.0178	0.0312	0.0109	0.0112	0.0597	0.0665	0	0.0032	0.0661	0	0.0051	0	0.1052	0.0282
GSM1594309	0.1038	0.0216	0.0314	0.0126	1.00E-04	0.0577	0.0932	0.0075	0	0.0336	0	0.0549	0	0.0358	0.011
GSM1594310	0.158	0.0177	0.0156	0.0029	0.0138	0.0648	0.0701	0.0134	0	0.0581	0.0053	0.0219	0	0.0415	0.0268
GSM1594311	0.2295	0.0345	0.0407	0.0191	0.0112	0.0711	0.0775	0	0.0038	0.0774	0	0.0289	0	0.0892	0.0243
GSM1594312	0.2059	0.014	0.0207	0	0	0.0713	0.0733	0.0107	0.0085	0.0698	0	0.0307	0.0027	0.0812	0.0352
GSM1594313	0.1122	0	0.0138	0	0	0.0434	0.0461	0	0.0027	0.0447	0	0.1237	0	0.0432	0.0016
GSM1594314	0.044	0	0	0	0	0.0771	0.0951	0.0039	0.0099	0.0153	0	0.0472	0	0.0123	0
GSM1594315	0.0374	0.0108	0	0.0077	0	0.0671	0.0897	0.0172	0.0019	0.0161	0	0.0491	0	0.0101	0
GSM1594316	0.1722	0.009	0.0397	0	0.0134	0.0464	0.0393	0	0	0.0594	0	0.067	0	0.079	0.019
GSM1594317	0.1623	7.00E-04	0.0082	7.00E-04	0.0071	0.0453	0.0514	0	0	0.0476	0	0.0742	0.0082	0.051	0.0073
GSM1594318	0.121	0.0113	0	0.0045	0.0122	0.1398	0.1377	0.0363	0.0105	0.0362	0	0.008	0.07	0.0445	0.0165
GSM1594319	0.1307	0	0	0.0118	0	0	0.0509	0	0	0.045	0	0.0515	0.0017	0.0402	0.0126
GSM1594320	0.0642	0.0073	0.0091	0.0071	0.0075	0.0756	0.0862	0.008	1.00E-04	0.0084	0.0025	0.0511	4.00E-04	0.0162	0
GSM1594321	0.0243	0.0088	0.0048	0.008	0	0.0977	0.1259	0.0323	0.0038	0.006	0.0109	0.026	0	0.011	0.0025
GSM1594322	0.2228	0.0114	0.0131	0.0057	0.012	0.0594	0.0784	0.0062	0.0068	0.0781	0	0.0389	0	0.0854	0.0233
GSM1594323	0.1711	0.0213	0.0269	0.0087	0.0196	0.0363	0.0507	0	1.00E-04	0.0576	0	0.0437	0	0.0747	0.0184
GSM1594324	0.0276	0	0	0	0.0018	0.0582	0.0695	0	0	0.0103	0	0.0434	0	0.0089	0.0042
GSM1594325	0.1814	0.0016	0	0.0058	0.0071	0.0422	0.0816	3.00E-04	0.0041	0.0687	0	0.0155	0	0.054	0.0273
GSM1594326	0.1503	0.0217	0.0373	0.0046	0.0195	0.0576	0.0509	0	0.0034	0.055	0	0.0434	0.0146	0.0513	0.0153
GSM1594327	0.0213	0.0056	0.0064	0	0.0023	0.0659	0.0993	0.0128	0	0.0047	0.0072	0.0592	0	0.0139	0
GSM1594328	0.1783	0.0077	0	0.0043	0	0.0969	0.131	0.0171	0.0104	0.069	0	0.0201	0.0083	0.0701	0.0424
GSM1594329	0.1462	0.0283	0.0218	0.0095	0.0271	0.0706	0.0974	0	0.007	0.0484	0	0.0341	0	0.036	0.025
GSM1594330	0.0728	0.0121	0.0308	0.0019	0.0041	0.0631	0.068	0	0.0042	0.0201	0	0.0141	0	0.0219	0.01
GSM1594331	0.2004	0	0	0	0	0.0218	0.0295	0	0	0.066	0	0.0861	0	0.0929	0.0209
GSM1594332	0.0684	0.0388	0.0372	0.0093	0.0339	0.1068	0.1288	0.0162	0.0053	0.0191	0	0.0309	0	0.0181	0.0022
GSM1594333	0.1978	0.0249	0.0121	0.0099	0.0164	0.1015	0.1151	0.0256	0.0107	0.0608	0	0.0062	0	0.0786	0.0257
GSM1594334	0.1519	0.0085	0	0	0.015	0.0816	0.0763	0.0278	0.0021	0.055	0.0063	0.0647	0.0053	0.0358	0.0277
GSM1594335	0.1633	0.0467	0.0201	0.0215	0.0428	0.0951	0.0997	0.0149	0.0109	0.0548	0	0.0089	0	0.0696	0.0185
GSM1594336	0.0961	0	0	0	0	0.0463	0.0558	0	0.0026	0.0361	0	0.0885	0	0.0331	0.0045
GSM1594337	0.0639	0	0	0	0.0086	0.0162	0.0397	0.0138	0	0.0261	0.016	0.0465	0	0.0168	0.006
GSM1594338	0.1507	0.0366	0.0197	0.0099	0.0534	0.1094	0.0867	0.02	0.006	0.05	0.001	0.0144	0.0037	0.0596	0.0197
GSM1594339	0.1489	0.0101	0.0041	0.0027	0.0076	0.0507	0.061	0	0.0084	0.0431	0	0.065	0	0.0426	0.008
GSM1594340	0.0268	0.0202	0.0276	0.0012	0.0295	0.0838	0.0796	0.036	0.0033	0.0062	0	0.0417	0	0.0069	0.0018
GSM1594341	0.0615	0.0271	0.0289	0.0097	0.0344	0.1067	0.1118	0.0274	0.0079	0.0185	0	0.0331	0	0.0195	0.0036
GSM1594342	0.1445	0	0	0	0	0.0133	0.0276	0	0	0.0529	0	0.0903	0	0.0512	0.0276
GSM1594343	0.1135	0	0	0	0	0.0428	0.0879	0.0097	0.0017	0.0337	0	0.0719	0.0167	0.0355	0.0094
GSM1594344	0.1484	0.0317	0.0463	0.0041	0.0323	0.0963	0.078	0	0.0075	0.0534	0	0.0366	0	0.0772	0.0182
GSM1594345	0.0747	0.0148	0.0077	0.0019	0.0243	0.0975	0.1036	0.0084	9.00E-04	0.0298	0	0.0455	0	0.021	0.005
GSM1594346	0.0858	0.0046	0	0.001	0.0043	0.0425	0.0837	0	0	0.0283	0	0.1143	0.0398	0.0124	0
GSM1594347	0.0908	0	0.0083	0	0	0.0125	0.0346	0	0	0.0241	0	0.0811	0.01	0.0264	0.0105
GSM1594348	0.0518	0.0204	0.0089	0	0.0303	0.1	0.1155	0.0016	0.0136	0.0227	0	0.0486	0	0.0271	0
GSM1594349	0.2323	0.0158	0.0162	0.0063	0.0216	0.0857	0.1198	0.0028	0.0138	0.0782	0	0.0479	0.0075	0.0771	0.0272
GSM1594350	0.1757	0.0524	0.0406	0.016	0.0399	0.0758	0.0976	0	0.0179	0.0643	0	0.0429	0.0242	0.0637	0.0174
GSM1594351	0.1841	0	0	0	0	0	0.0367	0	0	0.0622	0	0.1278	0.0011	0.068	0.0087
GSM1594352	0.2054	0.0323	0.0342	0.0083	0.0236	0.0668	0.0866	0.0074	0.0036	0.0599	0	0.0467	0	0.0858	0.029
GSM1594353	0.0955	0.003	0	0	0.012	0.0422	0.0535	0	3.00E-04	0.038	0	0.1129	0	0.0262	0.0041
GSM1594354	0.2741	0.0156	0.0086	0	0.0354	0.0641	0.0468	0.0041	0	0.0858	0	0.0526	0	0.1005	0.026
GSM1594355	0.051	0	0	0	0.0027	0.0586	0.065	0.0121	6.00E-04	0.0168	0	0.0688	0.0297	0.0188	0
GSM1594356	0.1745	0.041	0.04	0.0176	0.0131	0.0552	0.074	0	0.0022	0.0625	0	0.0374	0	0.0671	0.0212
GSM1594357	0.1683	0.014	0	0	0.0126	0.0944	0.1093	0.0251	0.0043	0.0576	3.00E-04	0.0672	0	0.0579	0.0181
GSM1594358	0.2962	0.0247	0.0225	0.0084	0.0172	0.0817	0.0754	0.0131	0.0064	0.1024	0	0.0665	0	0.0811	0.0347
GSM1594359	0.232	0.0533	0.0204	0.0116	0.0583	0.1373	0.1286	0.03	0.0072	0.0688	4.00E-04	0.0028	0	0.0865	0.0291
GSM1594360	0.0656	0.0015	0.0042	0	6.00E-04	0.0768	0.0827	0	0.003	0.0152	0	0.0383	0.0045	0.0213	0.0056
GSM1594361	0.1739	0.0102	0.0379	0	0.0085	0.0555	0.0716	0	0.0062	0.0529	0	0	0	0.0997	0.0295
GSM1594362	0.0264	0	0.0047	0	0	0	0.0078	0	0	0.0118	0	0.1193	0	0.0094	0
GSM1594363	0.2424	0.0261	0.0436	0.0044	0.0041	0.0747	0.08	0.0084	0.0062	0.0912	0	0.0184	0	0.0838	0.0279
GSM1594364	0.1424	0.0378	0.0159	0.0119	0.0278	0.0744	0.1069	0.0076	0.0036	0.035	0	0.0097	0	0.047	0.0176
GSM1594365	0.08	0.0125	0.0129	0.002	0.0151	0.0516	0.0852	0	0.0018	0.0215	0.0068	0.0513	0	0.0214	0.0052
GSM1594366	0.0542	0.0064	0.0161	0	0	0.0385	0.0541	0	0	0.0246	0	0.1162	0	0.0208	0
GSM1594367	0.2312	2.00E-04	0	0	0	0.0443	0.0655	0	0.0025	0.0832	0	0.0261	0	0.0769	0.0394
GSM1594368	0.2285	0.0441	0.0353	0.0078	0.0539	0.0912	0.0987	0.0018	0.0051	0.0825	0	0.0433	0	0.087	0.0196
GSM1594369	0.1371	0.0426	0.0337	0.015	0.0133	0.0743	0.0979	0.0319	0	0.0452	0.005	0.0337	0	0.0337	0.0177
GSM1594370	0.0337	0.0144	0.0073	1.00E-04	0	0.081	0.0979	0.0235	3.00E-04	0.0072	0.0017	0.0563	0	0.0094	0.0036
GSM1594371	0.0294	0.0089	0.0073	0.0024	0.0137	0.0662	0.0835	0.014	0	0.0036	0.0015	0.0405	0	0.0068	0
GSM1594372	0.0943	0.003	0.0115	0	0.0068	0.0458	0.0647	0.0028	0	0.0315	0	0.0494	0	0.0194	0.0066
GSM1594373	0.2545	0.0265	9.00E-04	0.0069	0.0228	0.1096	0.1448	0.011	0.0066	0.0915	0	0.0265	0	0.111	0.0346
GSM1594374	0.0827	0.0047	0	0.0021	0.0194	0.0854	0.1054	0	0.0032	0.0276	0	0.0218	0.0058	0.0146	0.0091
GSM1594375	0.2076	0.0142	0.0133	0.0039	0.0142	0.0431	0.0699	0.0028	0.0012	0.0582	0	0.0452	0.0137	0.0714	0.0198
GSM1594376	0.0808	0.021	0.0163	0.0076	0.0078	0.0702	0.0688	0.0081	0.003	0.029	0	0.0876	0.0098	0.0284	4.00E-04
GSM1594377	0.1646	0.0476	0.035	0.0249	0.0269	0.0664	0.0796	0.0101	0.0024	0.0532	0	0.0326	0.0032	0.0618	0.019
GSM1594378	0.1514	0.0392	0.0494	0.0167	0.0266	0.0863	0.0874	0	0.013	0.0496	0	0.0065	0	0.0546	0.0185
GSM1594379	0.0648	0	0	0	0.0052	0.0558	0.0632	0	0.0025	0.0151	0	0.0533	0	0.0312	0
GSM1594380	0.1676	0.043	0.0259	0.0113	0.0444	0.0955	0.097	0.0179	0.0031	0.0572	0	0.0329	0	0.0538	0.0211
GSM1594381	0.0558	0.0081	0.0085	0.0023	0.0014	0.0729	0.0895	0.0132	0.003	0.0191	0	0.0512	0	0.0107	0.0038
GSM1594382	0.2281	0.0366	0.0038	0.0198	0.0205	0.1146	0.1343	0.044	0.006	0.0697	0.0075	0.0133	0.0584	0.0608	0.0353
GSM1594383	0.2028	0	0.0104	0	0	0.0548	0.0695	0	0	0.0691	0	0.0172	1.00E-04	0.0668	0.036
GSM1594384	0.0294	0.0032	0.0072	0	0.0044	0.0708	0.0969	0.0134	2.00E-04	0.0078	4.00E-04	0.0678	0	0.0163	0
GSM1594385	0.1244	0	0	0	0	0	0.0153	0	0	0.0447	0	0.0931	0	0.0425	0.006
GSM1594386	0.0403	0	0.0038	0	0.0058	0.0098	0.0269	0	0	0.0163	0	0.0246	0	0.0175	0.012
GSM1594387	0.0754	0.0194	0	0.0101	0.0051	0.1437	0.1696	0.0542	0.0109	0.0233	0.0271	0.0211	0.0209	0.0234	0.008
GSM1594388	0.1477	0	0	0	0	0.0345	0.0455	0	0	0.051	0	0.027	0.0081	0.0352	0.0243
GSM1594389	0.199	0	0	0	0	0.0836	0.0846	0.0203	0	0.0648	0	0.0371	0	0.0823	0.0149
GSM1594390	0.1159	0.0229	0.0282	0.0053	0.0058	0.043	0.0594	0	0.0015	0.0431	0	0.0423	0.0176	0.0339	0.0109
GSM1594391	0.0277	0.0071	0	0	0	0.0924	0.104	0.0262	0.0038	0.0041	0.0022	0.0343	0	0.0067	0.0039
GSM1594392	0.1425	0.0312	0.0273	0.0152	0.0187	0.0649	0.0795	0	5.00E-04	0.0497	0	0.0547	0	0.0529	0.0111
GSM1594393	0.0493	0.0101	0.0101	0	0.0027	0.0471	0.0574	0.0106	0	0.022	0	0.0818	0.0097	0.0211	1.00E-04
GSM1594394	0.0719	0	0	0	0.0012	0.0127	0.0211	0	0	0.0238	0	0.0865	0	0.0189	4.00E-04
GSM1594395	0.2107	0.0072	0	0.0067	0.0112	0.0361	0.0818	0	0.001	0.0683	0	0.0533	0.0052	0.0782	0.0247
GSM1594396	0.0472	2.00E-04	0.0117	0	0.0206	0.0341	0.0563	0	0.0027	0.0122	0	0.1014	0	0.0198	0
GSM1594397	0.1797	0	0.026	0	0.0242	0.0271	0.0359	0	0	0.0647	0	0.0985	0	0.0737	0.0229
GSM1594398	0.2127	0.0171	0.0228	0	0.0356	0.0706	0.0705	0.0059	0.0045	0.0665	0	0.0634	0	0.0841	0.03
GSM1594399	0.0446	0	0.0076	0	0	0.0266	0.0591	0	0	0.0112	0	0.0517	0	0.0143	0
GSM1594400	0.2902	0.0303	0.0082	0.017	0	0.0659	0.1133	0.0083	0.012	0.0809	0	0.0172	0.0019	0.0865	0.0383
GSM1594401	0.1417	0.0029	0	0	0.0062	0.0825	0.098	0.0111	0.0042	0.0362	0	0.0298	1.00E-04	0.0637	0.0225
GSM1594402	0.0611	0.001	0.0059	0	0.0092	0.078	0.1079	9.00E-04	0.0021	0.0251	0	0.056	0	0.0214	0.0023
GSM1594403	0.1352	0.0185	0.0324	0.0029	0.0148	0.0483	0.0711	0	0.0054	0.0456	0	0.063	0	0.0666	0.0211
GSM1594404	0.0313	0.0091	0.0225	0	0.0138	0.0302	0.035	0	0.0017	0.0038	0	0.0609	0	0.0064	0
GSM1594405	0.1412	5.00E-04	0.0059	7.00E-04	0.0141	0.0162	0.0205	0	0	0.0491	0	0.1328	0	0.0543	0.0017
GSM1594406	0.0147	0	0	0	0	0.0233	0.054	0	8.00E-04	0.0045	0	0.0652	0	0.0079	0.0016
GSM1594407	0.0859	0	0.0054	0	0.016	0.0338	0.0408	0	0.0014	0.0243	0	0.0894	7.00E-04	0.0141	0.002
GSM1594408	0.1153	0.0063	0.0228	0	0.0021	0.0347	0.0458	0	0.0062	0.0394	4.00E-04	0.0539	0	0.0209	0.0136
GSM1594409	0.161	0.0188	0.0274	0.0071	4.00E-04	0.0473	0.0714	0.01	0.0081	0.0443	0	0.0346	0.0043	0.0542	0.0217
GSM1594410	0.187	0	0.0114	0	0	0.0297	0.0387	0	0.0025	0.0628	0	0.0486	0	0.0616	0.0212
GSM1594411	0.1695	0.0258	0.0188	0.0126	0.0156	0.052	0.0831	0.011	0.0044	0.0598	0	0.0762	0	0.0352	0.0165
GSM1594412	0.0325	0.0167	0.025	4.00E-04	0.0141	0.0957	0.0998	0.0103	0.0073	6.00E-04	0	0.0366	0	0.0078	0
GSM1594413	0.0837	0	0	0	0	0	0.0299	0	0	0.0297	0	0.0839	0.0086	0.0247	0.0261
GSM1594414	0.0951	0.0068	0.0164	0.0027	0	0.0269	0.0419	0	0.0042	0.029	0	0.0318	0.0362	0.027	0.0073
GSM1594415	0.1548	0.0279	0.0279	0.0104	0.026	0.0524	0.0604	0	0.0023	0.0474	0	0.0744	5.00E-04	0.0605	0.0082
GSM1594416	0.1907	0.0031	0.0096	0.0014	0.0051	0.0373	0.054	0	0	0.0702	0	0.1462	0	0.0511	0.0045
GSM1594417	0.0936	0.0413	0.0427	0.011	0.0312	0.0581	0.0628	0	0.003	0.0315	0	0.0577	0	0.0304	0.0018
GSM1594418	0.1836	0.0607	0.0639	0.0121	0.0518	0.1112	0.091	0	0.0159	0.0481	0	0.0124	0	0.0786	0.0229
GSM1594419	0.0776	0.0118	0.032	5.00E-04	0.0059	0.0442	0.049	0	0	0.0234	0	0.2012	0	0.024	0
GSM1594420	0.0232	0	0	0	0	0.044	0.0663	0	0.0015	0.0029	0	0.0432	0.006	0.0086	0
GSM1594421	0.167	0.0041	0.0038	0	0.006	0.0514	0.0788	0	0	0.0465	0	0.1451	0.0129	0.0423	0
GSM1594422	0.1358	0.0041	0	0	0	0.0606	0.0865	0	0	0.0351	0	0.0575	0	0.027	0.0234
GSM1594423	0.1941	0.0223	0.0359	0.0086	0.0083	0.0692	0.0809	0	0.0077	0.0613	0	0.0217	0	0.0745	0.0218
GSM1594424	0.1479	0.0021	0.004	0	0.0046	0.0816	0.081	0.0211	0.0028	0.0503	0	0.0783	0	0.044	0.0116
GSM1594425	0.05	0.0162	0.0064	0	0.024	0.0772	0.08	0.0131	5.00E-04	0.0079	0.002	0.0499	0.0129	0.0129	0
GSM1594426	0.0792	0	0.0096	0	0.0037	0.0645	0.0814	0	0.0047	0.0274	0	0.0401	0.026	0.026	0.0148
GSM1594427	0.0355	0.0197	0.0222	0.0071	0	0.114	0.1262	0.0362	0.0046	0.0081	0.0142	0.02	0.0073	0.0125	0
GSM1594428	0.19	0.0574	0.0232	0.0251	0.0412	0.0962	0.1176	0.0114	0.0083	0.0583	0	7.00E-04	0	0.0517	0.0249
GSM1594429	0.0904	0.0349	0.0203	0.0096	0.0316	0.0701	0.0934	0	0.0059	0.0257	0	0.0171	0	0.0196	0.0118
GSM1594430	0.031	0.004	0	0	0	0.08	0.1081	0.0118	0.004	0.0132	0	0.0183	0	0.0151	0.008
GSM1594431	0.0978	0.0294	0.0282	0.0071	0.0307	0.0799	0.093	0.0047	0.0099	0.0318	0	0.0252	0	0.0395	0.0148
GSM1594432	0.0886	0	0.0074	0	0	0.0039	0.0224	0	0	0.0402	0	0.0603	0	0.0293	0.0102
GSM1594433	0.0593	0	0	0	0	0.035	0.0658	0	0.0016	0.0157	0	0.045	0.0038	0.0154	0.0033
GSM1594434	0.0177	0.0092	0.024	0	0	0.1141	0.1197	0.0208	0.0043	0.0011	0	0.0201	0.0194	0.0025	0.0015
GSM1594435	0.2919	0.0534	0.055	0.0209	0.0057	0.0647	0.0853	0.0087	0.0077	0.0926	0	0.0203	0	0.0697	0.0295
GSM1594436	0.0808	0.02	0.0409	6.00E-04	0.0096	0.0761	0.1069	0	0.0056	0.0312	0	0.0352	0.0235	0.018	0.0072
GSM1594437	0.1384	0	0	0	0	8.00E-04	0.0252	0	0	0.0345	0	0.0754	0	0.0156	0.0384
GSM1594438	0.168	0.0353	0.0481	0.0017	0.0223	0.0581	0.0545	6.00E-04	0.0048	0.0553	0	0.0405	0	0.0444	0.0331
GSM1594439	0.1972	0.0389	0.0245	0.012	0.0467	0.0962	0.0772	0	0.0075	0.0595	0	0.007	0.0018	0.0705	0.0256
GSM1594440	0.1506	0.0129	0.0302	3.00E-04	0.0202	0.0579	0.0605	0	0.0027	0.0432	0	0.0221	0	0.0465	0.0128
GSM1594441	0.1818	0.0162	0.0327	7.00E-04	0.0025	0.0548	0.0661	0	0.0071	0.0644	0	0.0732	0.02	0.0685	0.0146
GSM1594442	0.0315	0.0041	0.0214	0	0.0016	0.0376	0.0517	0	0	0.0042	0	0.0985	0	0.0046	0
GSM1594443	0.1718	0.003	0.0085	7.00E-04	0	0.0391	0.0662	0	0	0.0446	0	0.0379	0.0151	0.0582	0.0127
GSM1594444	0.0907	0.0158	0.0151	0	0.0153	0.0634	0.0677	0	0.0063	0.0327	0	0.0502	0	0.0351	0.0018
GSM1594445	0.0662	0.0091	0.008	0	0	0.056	0.0914	0.0048	0.0013	0.0235	0	0.0851	0.0221	0.0194	0
GSM1594446	0.1299	0.017	0.026	0	0.0173	0.0516	0.0552	0	5.00E-04	0.0448	0	0.0358	0.0152	0.0596	0.0152
GSM1594447	0.0217	0	0.0095	0	0	0.0471	0.0964	0	0.001	0.0104	0	0.0763	0	0.0095	0
GSM1594448	0.1878	0	0	0	0	0.0287	0.0308	0	6.00E-04	0.0744	0	0.0233	0	0.0787	0.0333
GSM1594449	0.1842	0.0166	0.0355	0	0.019	0.0628	0.0635	0	2.00E-04	0.0657	0	0.0505	0	0.0784	0.0197
GSM1594450	0.0264	0.0016	0	0	0	0.0449	0.0963	0	3.00E-04	0.0053	0	0.0481	0.0147	0.0089	3.00E-04
GSM1594451	0.1423	0	0.0041	0	0.0111	0.0804	0.074	0.0239	0	0.0485	0	0.0501	0.0113	0.0553	0.0052
GSM1594452	0.1336	0.0198	0.0346	0.0094	0.0151	0.0457	0.0632	0.0056	0	0.0568	0.0031	0.0523	0.0058	0.036	0.0098
GSM1594453	0.2169	0.0362	0.0247	0	0.0229	0.0999	0.0845	0.0064	0.0129	0.0818	0	0.0577	0	0.0796	0.0321
GSM1594454	0.1252	0.0305	0.0244	0.0064	0.001	0.0642	0.0758	0	0.004	0.0537	0	0.066	0.0072	0.0492	0.0083
GSM1594455	0.1021	0	0.0166	0	0	0.0059	0.037	0	0	0.0391	0	0.0833	0	0.0226	0.0065
GSM1594456	0.2262	0	0	0	0	0.0371	0.0744	0	0.0036	0.0804	0	0.1115	0	0.0654	0.0296
GSM1594457	0.0701	0.0299	0.0197	0	0.0345	0.1101	0.1229	0.0368	0.0066	0.0234	0	0.0299	0.0165	0.0222	0.0104
GSM1594458	0.0293	0.005	0.0208	0	0	0.0772	0.0808	0.0253	0.007	8.00E-04	0	0.0155	0	0.0054	0.0031
GSM1594459	0.2174	0.0095	0	0	0.0162	0.0673	0.0773	0.015	0.0053	0.0793	0	0.0398	0	0.0662	0.0369
GSM1594460	0.1432	0.0106	0.0128	0	0.0143	0.049	0.0577	0	0.0028	0.0488	0	0.072	0	0.0524	0.0136
GSM1594461	0.1254	0.0314	0.0332	0.0115	0.0304	0.0976	0.1141	0.0228	0.0072	0.0458	0	0.0555	0.0022	0.0421	0.0108
GSM1594462	0.2297	0.022	0.0153	0.0037	0.0056	0.0891	0.0815	0	0.0109	0.0721	0	0	0	0.0755	0.0388
GSM1594463	0.3062	0.0294	0.0086	0.0165	0.0266	0.081	0.1186	0.0145	0.0045	0.103	0	0.0201	0	0.1037	0.0439
GSM1594464	0.0749	0	0.023	0	0.003	0.0188	0.0175	0	9.00E-04	0.0335	0	0.004	0	0.0202	0.0162
GSM1594465	0.2607	0.0298	0.0428	0.0032	0.0308	0.0882	0.0793	0.0087	0.0092	0.0872	0	0.0238	8.00E-04	0.104	0.0261
GSM1594466	0.2025	0.0476	0.0256	0.0267	0.0421	0.127	0.1499	0.0277	0.0174	0.0662	0	0.0099	0.041	0.0519	0.0199
GSM1594467	0.1829	0.0106	0.0385	0	0.0113	0.0397	0.0373	0	0.0028	0.0612	0	0.0862	0	0.0686	0.0179
GSM1594468	0.1221	0.0015	0.0033	0	0	0.0184	0.0709	0	0.0017	0.0467	0	0.0142	0	0.0324	0.0214
GSM1594469	0.0663	0	0.0106	0	0	0.0455	0.0985	0	0.0018	0.0126	0	0.0663	0	0.0115	0.0023
GSM1594470	0.1709	0	0.001	0	0	0.036	0.058	0	0	0.0636	0	0.0437	0	0.0623	0.0271
GSM1594471	0.1134	0.0245	0.0635	0.011	0	0.0712	0.0911	0	0.007	0.0368	0	0.0419	0	0.0398	0.0103
GSM1594472	0.1586	0.0505	0.0354	0.0076	0.0648	0.1048	0.0868	0.0213	0.0099	0.0567	0	0.0263	0	0.0593	0.0208
GSM1594473	0.2045	0.0172	0.0552	0	0.0208	0.0638	0.0731	0	0.0014	0.0739	0	0.0272	0	0.0885	0.0185
GSM1594474	0.133	0	0	0	0	0.0187	0.0338	0	0.0018	0.0586	0	0.0891	0	0.0367	0.016
GSM1594475	0.1174	0.0067	0.0237	0	0.004	0.0446	0.0564	0.0023	0.0047	0.0399	0	0.0938	0	0.0366	0.0132
GSM1594476	0.1175	0	0.0143	0	0.0044	0.0229	0.0227	0	0	0.0424	0	0.1288	0	0.0446	0.0067
GSM1594477	0.0108	0	0	0	0.0019	0.0736	0.0965	0.0029	0.0092	8.00E-04	0	0.0453	0.0326	0.0064	0.0219
GSM1594478	0.097	0	0.0161	0	0	0.0232	0.0462	0	0.0036	0.0452	0	0.0642	0.0045	0.0297	0.0119
GSM1594479	0.0491	0.0345	0.0338	0.0178	0.0123	0.0587	0.078	0	0.0063	0.0149	0	0.0723	0.0228	0.0073	0
GSM1594480	0.1607	0.0264	0.0486	0.0137	0.0077	0.0853	0.0903	0	0.0137	0.0583	0	0.0252	0.0062	0.0579	0.0226
GSM1594481	0.1849	0.0162	0.0168	0.0049	0.0203	0.0854	0.1025	0.029	0.0049	0.055	0.0086	0.0465	0	0.0709	0.0217
GSM1594482	0.1751	0.017	0.0062	0.0031	0.0186	0.0576	0.0764	0.0021	0.0072	0.0577	0	0.1037	0	0.0715	0.0115
GSM1594483	0.185	0.0023	0.0146	0	0	0.0363	0.053	0.0064	0	0.0667	0	0.0433	0	0.0559	0.0215
GSM1594484	0.0707	0	0	0	0	0.0261	0.0635	0	0.0054	0.023	0	0.116	0.0142	0.0201	0
GSM1594485	0.1331	0	0	0	0	0.0227	0.0358	0	0	0.0385	0	0.0611	0.0073	0.0389	0.0107
GSM1594486	0.2318	0.0297	0.0421	0.0023	0.0184	0.092	0.0996	0.012	0.0085	0.0777	0	0.0491	0	0.0877	0.0315
GSM1594487	0.0269	0.0029	0.004	0	0.0146	0.0392	0.07	0	0	0.0057	0	0.1303	0	0.0067	0
GSM1594488	0.0762	0.0089	0.0277	0	0	0.0606	0.0943	0.0103	8.00E-04	0.0252	0	0.0875	0	0.0247	3.00E-04
GSM1594489	0.0457	0.0137	0.0099	0	0.0135	0.0564	0.1019	0	0.0091	0.0127	0	0.0836	0.0213	0.0159	0
GSM1594490	0.0453	0.0121	0.0091	0	0	0.0865	0.0985	0.0156	0.0073	0.0089	0	0.0558	0	0.0087	0
GSM1594491	0.0217	0	0.0071	0	0.0145	0.0207	0.0316	0	0.001	0	0	0.0657	0	0.0098	0.0044
GSM1594492	0.1237	0.007	0	0	0.0105	0.0276	0.0281	0	0.0017	0.0419	0	0.0512	0	0.0509	0.0149
GSM1594493	0.005	0	0	0	0	0.0152	0.0473	0	0	0	0	0.1033	0.0379	0.0088	0.0063
GSM1594494	0.0242	0	0	0	0	0.0394	0.0478	0	0	0.0132	0	0.0454	0	0.0149	0
GSM1594495	0.0232	0.0344	0.0226	0.011	0.028	0.0909	0.1002	0.008	0.01	0.0019	0	0.0495	0.0146	0.0127	0
GSM1594496	0.1641	0.013	0.0103	0	0.0199	0.0686	0.0547	0	0.0029	0.0698	0	0.0723	0	0.0718	0.0125
GSM1594497	0.1027	0	0.0018	0	0	0.0057	0.0194	0	0	0.0385	0	0.1123	0	0.0354	0.0121
GSM1594498	0.1464	0.0212	0.0382	0.001	0.0217	0.0648	0.0806	8.00E-04	0	0.0554	0	0.0227	0	0.0445	0.0164
GSM1594499	0.1809	0.0498	0.0085	0.0372	0.0312	0.0824	0.1094	0.0205	0.006	0.0532	0	0.0144	0.0738	0.0437	0.0228
GSM1594500	0.2242	0.0648	0.0493	0.0311	0.0339	0.1302	0.1349	0.0308	0.0187	0.0631	0	0	0	0.079	0.0346
GSM1594501	0.1753	0.004	0.003	0.0012	0.0037	0.0191	0.064	0	0	0.0724	0	0.027	0.0056	0.0366	0.026
GSM1594502	0.172	0.0083	0	0.0042	0	0.0714	0.1095	0.0147	2.00E-04	0.0584	0	0.0216	0.028	0.0621	0.0218
GSM1594503	0.0346	0	0	0	0	0.052	0.079	0	0.0029	0.0092	0	0.0531	0.0056	0.0084	0.0061
GSM1594504	0.2411	0.0488	0.0307	0.0168	0.0401	0.1197	0.1033	0.0273	0.0098	0.069	0.0012	0.0084	0	0.0876	0.033
GSM1594505	0.0907	0.0013	0.0137	0	0.0057	0.0371	0.062	0	0	0.0203	0	0.0228	0	0.0235	0.0137
GSM1594506	0.1035	0	0	0	0	0	0.0094	0	0	0.0383	0	0.063	0	0.0435	0.0227
GSM1594507	0.1716	0.0104	0.013	0	0.0097	0.0529	0.0584	0.0021	0.0015	0.054	0	0.06	0.0084	0.0599	0.0175
GSM1594508	0.0316	0	0.002	0	0.0096	0.0616	0.0804	0	0.0139	0.0183	0	0.1392	0	0.0112	0
GSM1594509	0.0375	0.0067	0.011	0	0.0037	0.0658	0.0803	0.015	0	0.0055	0.0027	0.1441	0	0.0041	0
GSM1594510	0.2231	0	0	0	0	0.0358	0.0731	0.0095	0.002	0.0692	0	0.0632	0	0.0758	0.0333
GSM1594511	0.1287	0	0.0025	0	0	0.0338	0.0329	0	0	0.046	0	0.0712	0	0.0522	0.0226
GSM1594512	0.1166	0	0.0065	0	0	0.0309	0.0538	0	0	0.0471	0	0.1274	0	0.0332	0
GSM1594513	0.0566	0.0056	0.0027	0	0.0178	0.0836	0.0891	0.0029	0.0044	0.0207	0	0.069	0.0036	0.0183	0.0023
GSM1594514	0.0609	0.0264	0.013	0.0115	0.0157	0.0597	0.1094	0.0168	0.0021	0.0157	0.0112	0.0577	0	0.0108	0.003
GSM1594515	0.0632	0.0193	0.0362	0	0.0386	0.0937	0.0795	0.0194	0.0048	0.0259	0	0.0412	0	0.0257	0.0029
GSM1594516	0.2169	0.0165	0.0117	3.00E-04	0.0067	0.0545	0.066	0.0091	0.0065	0.077	0	0.0288	0	0.0637	0.0279
GSM1594517	0.0955	0.0185	0.0255	0	0.025	0.0693	0.0802	0	0.0106	0.0284	0	0.0578	0	0.0385	0.0074
GSM1594518	0.0249	0.0073	0.0078	0	0.0166	0.0848	0.1217	0.0088	0.0064	0.0056	0	0.0599	0	0.013	0.001
GSM1594519	0.0539	0	0	0	0	0.0424	0.0454	0	5.00E-04	0.0195	0	0.089	0.0021	0.014	0
GSM1594520	0.0315	0	0	0	0	0	0	0	0	0.0077	0	0.1384	0	0.0052	0
GSM1594521	0.018	0	0.0258	0	0.0056	0.034	0.0465	0	0	0.0038	0	0.0656	0	0.0029	0
GSM1594522	0.1817	0.0042	0.0344	0	0.0133	0.0382	0.0426	0	0	0.0691	0	0.0598	0	0.0654	0.0237
GSM1594523	0.1275	0.0064	0.023	0	0.0047	0.0535	0.0571	0.0032	0.0015	0.0446	0	0.0699	0	0.0409	0.0032
GSM1594524	0.0537	0.0107	0.0321	0	0.019	0.0793	0.0701	0.0022	0.0029	0.0186	0	0.0564	0	0.0203	0
GSM1594525	0.1401	0.0151	0.034	7.00E-04	0.0157	0.0736	0.0754	0	0.0111	0.044	0	0.0298	0	0.0536	0.019
GSM1594526	0.1434	0	0.0066	0	0.0046	0.0673	0.0995	0.0018	0	0.05	0	0.0798	0	0.0458	0.0126
GSM1594527	0.1977	0	0	0	0	0.0488	0.0419	0	0.0037	0.0625	0	0.0989	0	0.0852	0.0086
GSM1594528	0.2869	0.0506	0.01	0	0.0633	0.1279	0.1157	0.019	0.0222	0.1025	0	0.0141	0	0.0898	0.0401
GSM1594529	0.1781	0.0136	0.0107	0	0.0193	0.099	0.1199	0.0133	0.0143	0.0605	0	0.0192	0	0.0661	0.03
GSM1594530	0.145	0.0175	0.0238	0	0.0146	0.0676	0.0609	0	0.0062	0.0447	0	0.0485	0	0.0512	0.0167
GSM1594531	0.0885	0.0535	0.0442	0.0116	0.0326	0.1123	0.1121	0.0241	0.014	0.0209	0	0.0194	0	0.0141	0.0054
GSM1594532	0.0365	0.0163	0.0088	0	0.0042	0.1344	0.1323	0.0358	0.0113	0.0076	0	0.0207	0.0052	0.0176	0.0052
GSM1594533	0.129	0	0	0	0	0.0115	0.043	0	0.0024	0.0478	0	0.1027	0	0.0463	0.0128
GSM1594534	0.2944	0.0249	0.023	0.006	0.0155	0.033	0.0346	0	1.00E-04	0.0813	0	0.0471	0.0026	0.1233	0.0275
GSM1594535	0.0286	0	0	0	0	0	0	0	0	0.0015	0	0.1054	0	0.0174	8.00E-04
GSM1594536	0.1434	0.0013	0	0.0116	0	0.0176	0.0738	0	0.0086	0.0628	0	0.0614	0.1302	0.0248	0.0233
GSM1594537	0.0116	0	0.0075	0	0.0061	0	0	0	0	0	0	0.1253	0	0.0076	0.0078
GSM1594538	0.0218	0	0	0	0	0	0	0	0	0	0	0.0578	0.0435	0.0315	0.0203
GSM1594539	0.058	0.016	0.0043	0.0079	0.0155	0.0302	0.0496	0	4.00E-04	0.007	0	0.0667	0.0066	0.0267	0.002
GSM1594540	0.0787	0.0147	0.0087	0	0.0109	0.0644	0.0768	3.00E-04	0.0027	0.0253	0	0.0572	0	0.0414	0
GSM1594541	0	0	0	0	0	0	0	0	0	0	0	0.0932	0	0	0
GSM1594542	0.2312	0	0	0	0	0.0246	0.0314	0	0.0086	0.0566	0	0.0426	0.0238	0.1057	0.0176
GSM1594543	0.1962	0	0	0	0	0	0.0228	0	9.00E-04	0.0579	0	0.0682	0.0042	0.086	0.0247
GSM1594544	0.0025	0	0	0	0	0.0308	0.0438	0	0.0061	0.0063	0	0.1026	0.0084	0.0076	0
GSM1594545	0.0235	0	0.0097	0	0	0.0212	0.0504	0	0.0019	0.0041	0	0.1191	0.0188	7.00E-04	0.0106
GSM1594546	0.0291	0	0.008	0	0.0095	0.03	0.0241	0	0	0.0101	0	0.0577	0.0232	0.02	0
GSM1594547	0.0454	0.0036	0	0	0.0092	0.0354	0.0288	0	0	0.0068	0	0.041	0.0413	0.0213	0.0224
GSM1594548	0.0095	0	0	0	0	0.0117	0.0302	0	0.0051	0	0	0.0984	0.0026	0.005	0
GSM1594549	0.1216	0	6.00E-04	0	0.0092	0.0155	0.0294	0	0	0.0361	0	0.0734	0.0038	0.0537	0.0193
GSM1594550	0	0	0	0	0	0	0.0098	0	0	5.00E-04	0	0.0815	0	0.0077	0
GSM1594551	0.0131	0.0135	0.0237	0	0.0194	0.0275	0.025	0	0.0029	0	0	0.0437	0.0465	0.0014	0.0168
GSM1594552	0.0554	0	0	0	0	0.0071	0.029	0	0	0.0134	0	0.1182	0.008	0.0302	0
GSM1594553	0.1249	0	0.0039	0	0.0043	0.0038	0.032	0	0	0.0446	0	0.1316	0.0144	0.0382	0.0111
GSM1594554	0.2165	0.0126	0.0086	0	0.0066	0.0585	0.0664	0.0265	0	0.0592	0	0.0624	0.0315	0.0467	0.0383
GSM1594555	0.1674	0.003	0	0	0.004	0.0482	0.0527	3.00E-04	0.006	0.0465	0	0.052	0	0.0727	0.0134
GSM1594556	0.0025	0	0	0	0.0047	0.0213	0.0295	0	0	0	0	0.0375	0	0.0016	0
GSM1594557	0.107	0	0	0	0	0	0	0	0	0.0334	0	0.144	0.0134	0.0478	0.0397
GSM1594558	0.0729	0.0313	0.0113	0.0115	0.044	0.0759	0.0939	0.0046	0.0058	0.026	0.0162	0.0394	0.0268	0.0311	0
GSM1594559	0.1868	0.0176	0.0291	0.0013	0	0.095	0.0962	0.0118	0.013	0.0535	0	0.0547	0	0.0687	0.0129
GSM1594560	0.0134	0.0038	0.0134	0	0.0224	0.0191	0.016	0	0	0	0	0.079	0.0214	0.0082	0.0061
GSM1594561	0.0307	0.0098	0.0112	0	0.0156	0.0388	0.0588	0	0.0013	0.001	0	0.0749	0.0114	0.014	0
GSM1594562	0.014	0	0	0	0	0	0	0	0	0.0067	0	0.0192	0.0409	0.0067	0.0341
GSM1594563	0.0423	0.0106	2.00E-04	0.0014	0.0139	0.0455	0.0491	0	0	0.0055	0	0.0409	0.0565	0.0201	0.0083
GSM1594564	0.0943	0	0	0	0	7.00E-04	0.0292	0	3.00E-04	0.0188	0	0.1214	0	0.0532	0
GSM1594565	0.0322	0	0	0	0	0.0286	0.0694	0	0.0088	0.0123	0	0.0408	0.0216	0.022	0.0219
GSM1594566	0.0732	0.0211	0.0295	8.00E-04	0.0158	0.0469	0.0403	0	0.0091	0.0204	0	0.0974	0.0074	0.0228	0.0086
GSM1594567	0.0196	0	0.0018	0	0.0116	0.0102	0.0246	0	0	0	0	0.0649	0.0187	0	0.0287
GSM1594568	0.1353	0	0	0	0	0	0	0	0	0.0328	0	0.0256	0.0193	0.059	0.0765
GSM1594569	0.088	0	0.0142	0	0	0.0397	0.0371	0	0.0082	0.0224	0	0.0466	0	0.0245	0.0245
GSM1594570	0.1044	0.0174	0	0.0048	0.0115	0.0684	0.0789	0.0016	0.001	0.0273	0	0.0423	0.0479	0.0492	0.0086
GSM1594571	0.2897	9.00E-04	0	0	0	0.044	0.061	0	0.0049	0.0732	0	0.0527	7.00E-04	0.1268	0.025
GSM1594572	0	0	0	0	0	0	0	0	0	0	0	0.1321	0	0.0082	0.0047
GSM1594573	0.0982	0.0265	0.0067	0.0084	0.0248	0.0636	0.0784	0	0.0054	0.0285	0	0.0289	0.0046	0.041	0.0075
GSM1594605	0.1302	0.0344	0.0271	0.01	0.0319	0.1049	0.1062	0.015	0.0085	0.0382	0	0.0293	0.018	0.0406	0.0094
GSM1594606	0.1226	0.0097	0.0041	0	0.0068	0.0903	0.0886	0.0059	0.0045	0.0371	0	0.034	0	0.0497	0.0134
GSM1594607	0.0662	0	0.007	0	0.002	0.0422	0.0452	0	0.0048	0.0235	0	0.0766	0.0029	0.0217	0.0012
GSM1594608	0.0876	0.0058	0	0.0037	0.0085	0.03	0.0531	0	1.00E-04	0.0238	0	0.0496	0	0.0238	0.0053
GSM1594609	0.1169	0.0083	0.0033	0	0.0125	0.0585	0.0502	0	0.0084	0.029	0	0.0166	0	0.0438	0.0362
GSM1594610	0.1055	0.0132	0.0298	0.0041	0.0066	0.0474	0.0665	0	9.00E-04	0.0402	0	0.0563	0	0.0214	0.0031
GSM1594611	0.042	0	0.012	0	0.0051	0.0338	0.0418	0	0	0.0111	0	0.0555	0	0.0142	0
GSM1594612	0.0409	0	0.0154	0	0	0.0236	0.0414	0	0.0028	0.0149	0	0.0603	0.0131	0.0126	0
GSM1594613	0.0766	0	0.0037	0	0	0.0391	0.0735	0.0014	0.0014	0.038	0	0.0503	0.0012	0.0266	0.0033
GSM1594614	0.0373	0	0	0	0	0.0274	0.0555	0	0	0.0086	0	0.0554	0	0.0099	0
GSM1594615	0.1064	0	0	0	0.0049	0.0244	0.0712	0	0	0.0376	0	0.0652	0.0159	0.0425	0.0023
GSM1594616	0.0312	0	0.0045	0	0	0.0316	0.051	0	0	0.0116	0	0.0839	0	0.0099	0
GSM1594617	0.0136	0	0	0	0.0027	0.0227	0.0283	0	0	0	0	0.0323	0.0023	0.0084	0
GSM1594618	0.0889	0.017	0.0149	0.0027	0.0205	0.0791	0.0797	0	0.0014	0.034	0	0.0718	0.0071	0.0276	9.00E-04
GSM1594619	0.0725	0	0	0	0	0	0.0158	0	0	0.029	0	0.1066	0	0.0206	0
GSM1594620	0.1258	0.0189	0.0235	0.0033	0.017	0.0591	0.0811	0	0.0062	0.0458	0	0.0614	0	0.0463	0.0057
GSM1594621	0.1645	5.00E-04	0.0033	0.0016	0	0.0383	0.0788	0	7.00E-04	0.0538	0	0.0553	0	0.0457	0.0132
GSM1594622	0.0504	0.0236	0.0063	0	0.013	0.0861	0.119	0.0195	0.0089	0.0136	0	0.0488	0	0.0081	0.001
GSM1594623	0.0382	0	0	0	0	0.0063	0.0198	0	0	0.0144	0	0.137	0	0.0168	0
GSM1594624	0.1517	0.0286	0.035	0.0098	0.0121	0.0592	0.0675	0.0019	0.004	0.0496	0	0.0728	0	0.0544	0.006
GSM1594625	0.0863	0.0272	0.031	0.0152	0.0116	0.0548	0.0775	0	0.0079	0.0278	0	0.0248	4.00E-04	0.037	0.0031
GSM1594626	0.079	0.0143	0.0162	0.0067	0	0.043	0.0542	0	0	0.0297	0	0.0482	0.0118	0.0299	0
GSM1594627	0.0455	0.0126	0.0186	4.00E-04	0.0141	0.0582	0.0578	0	0	0.0173	0	0.0421	0	0.0131	2.00E-04
GSM1594628	0.1101	0.0171	0.0087	0.0038	0.0256	0.0792	0.0824	0.0128	0.0064	0.0358	0	0.0209	0	0.0393	0.0107
GSM1594629	0.0311	0.0017	0.012	0	0	0.0316	0.063	0	0	0.0088	0	0.0647	0	0.0109	0
GSM1594630	0.1214	0.0397	0.0451	0.0127	0.0298	0.1248	0.128	0.0076	0.0063	0.0354	0	0.014	0	0.047	0.0138
GSM1594631	0.0188	0	0.0142	0	0.0098	0.0335	0.0355	0	0	0.0076	0	0.0407	0	0.0128	0
GSM1594632	0.2081	0.0512	0.0405	0.0158	0.0453	0.1036	0.079	0.0111	0.0066	0.0667	0	0.031	0	0.0838	0.0201
GSM1594633	0.1164	0	0.0074	0	0.0105	0.0323	0.0443	0	0	0.0377	0	0.0601	0	0.0346	0.0184
GSM1594634	0.1819	0.0204	0.0049	0	0.0268	0.0846	0.0911	0.0288	0.0026	0.066	0	0.0744	0.0103	0.0667	0.0232
GSM1594635	0.0902	0.0108	0	0.0014	0.0109	0.062	0.0783	0.0123	0.0078	0.0212	0	0.0486	0.0318	0.025	0.0238
GSM1594636	0.1241	0	0	0	0	0.0577	0.0735	0	0.01	0.0356	0	0.0392	0	0.0365	0.0258
GSM1594637	0.1958	0.0282	0.0132	0.0098	0.0225	0.1085	0.1038	0.0313	0.0134	0.0646	0.0011	0.0154	0.006	0.0726	0.0215
GSM1594638	0.1958	0.035	0.0214	0.006	0.0296	0.1038	0.0993	0.0213	0.0116	0.0635	0	0.0301	0	0.0631	0.0228
GSM1594639	0.0238	0	0	0	0	0	0.0088	0	0	0.0041	0	0.1217	0	0.0073	0
GSM1594640	0.1707	0.0204	0.0286	0.0064	0.0193	0.0439	0.0648	0	0.0029	0.059	0	0.0995	0.0016	0.0473	0.0054
GSM1594641	0.1045	0.021	0.0265	0	0.0399	0.1008	0.0817	0.005	0.0085	0.0379	0	0.1053	0.0086	0.046	0.0084
GSM1594642	0.0461	0.0101	0.0056	0	0.0218	0.0723	0.0853	0.0062	0.0106	0.0069	0	0.0521	0.0028	0.0084	0
GSM1594643	0.0304	0	0	0	0	0.072	0.0951	0.0282	0.002	0.0021	0	0.0496	0	0.0112	0.007
GSM1594644	0.1606	0	0	0	0	0	0	0	0	0.0627	0	0.0295	0.0037	0.0646	0.0238
GSM1594645	0.1125	0.0059	0.0238	0	0	0.0398	0.0647	0	0.006	0.0334	0	0.0752	0	0.0293	1.00E-04
GSM1594646	0.1448	0.0203	0.0227	0	0.0137	0.0987	0.0801	0.0195	0.0069	0.0401	0	0.0587	0.0134	0.0518	0.0082
GSM1594647	0.1395	0.0051	0.0101	0	0.0181	0.0521	0.0388	0	0.0052	0.0448	0	0.0377	0.0042	0.052	0.0174
GSM1594648	0.1239	0	0	0	0	0	0	0	0	0.0379	0	0.0791	0	0.041	0.0136
GSM1594649	0.0019	0	0	0	0.0052	0.0874	0.0678	0	0.0045	0	0	0.0355	0	0.0056	0
GSM1594650	0.0794	0.0117	0.0207	0	0.0246	0.0758	0.0881	0.0025	0.0027	0.0245	0	0.1176	0	0.0255	0
GSM1594651	0.1034	0.0087	0.0189	0	0.0148	0.0283	0.0473	0	0.0038	0.0354	0	0.0472	0	0.028	0.0239
GSM1594652	0.151	0.0172	0.0415	0.002	0	0.0589	0.0917	0.0021	0.0058	0.0536	0	0.0344	0	0.0525	0.0135
GSM1594653	0.1557	0.002	0	0	0.0019	0.0589	0.0772	0.0148	4.00E-04	0.0543	0	0.0682	0	0.0486	0.0082
GSM1594654	0.2895	0.0296	0.0143	0.0121	0.0257	0.0449	0.0707	0	0.0103	0.0819	0	0.037	0.0074	0.1153	0.0352
GSM1594655	0.1203	0.0211	0.0437	0	0.0209	0.1115	0.1068	0.0138	0.0092	0.0397	0	0.0361	0	0.0457	0.0071
GSM1594656	0.1112	0.0156	0.0199	6.00E-04	0.0177	0.0597	0.0775	0	0.0013	0.0331	0	0.0314	0	0.0465	0.0127
GSM1594657	0.1314	0.0285	0.0159	0.0121	0.0145	0.0569	0.0804	0.0185	0.0045	0.0314	0.0053	0.0314	0	0.0214	0.0322
GSM1594658	0.0609	0.0173	0.0136	0	0.017	0.0819	0.0895	0.0068	0.0046	0.0102	0	0.0425	0.0051	0.0176	0
GSM1594659	0.0128	0	0	0	0	0.027	0.0682	0	3.00E-04	0.0042	0	0.0494	0	0.0111	0.0011
GSM1594660	0.1287	0.0675	0.0505	0.0133	0.0628	0.1633	0.1443	0	0.0203	0.0462	0	0.0308	0	0.0442	0.0155
GSM1594661	0.0217	0	0	0	0	0	0	0	0	0.005	0	0.0889	0	0.0165	0
GSM1594662	0.1497	0.0102	0	0	0.0072	0.1023	0.0995	0.0245	0.0082	0.0446	0	0.0712	0.0035	0.0447	0.0111
GSM1594663	0.0268	0.0245	0.0274	0.0067	0.0169	0.0591	0.0946	0	0.0032	9.00E-04	0	0.0146	0	0.0063	0
GSM1594664	0.1475	0.0283	0.0224	0.0085	0.0179	0.0945	0.1092	0.024	0.0069	0.0487	0	0.0262	0	0.0397	0.017
GSM1594665	0.0722	0.0382	0.0515	0.0157	0.0289	0.1007	0.1172	0	0.0072	0.0188	0	0.0334	0.0274	0.0242	0
GSM1594666	0.0638	0.0156	0.0151	4.00E-04	0	0.0569	0.0728	0.0092	0.0029	0.021	0	0.0339	0.0022	0.0181	0
GSM1594667	0.091	0.0147	0.0183	0.0093	0.0188	0.077	0.1022	0	0.0068	0.0287	0	0.0693	0.0091	0.0352	0.0017
GSM1594668	0.054	0	0	0	0	0.0042	0.0296	0	0	0.0129	0	0.0913	0	0.0107	0.0047
GSM1594669	0.0798	0.0133	0.0037	0.0085	0.0223	0.0459	0.0447	0	4.00E-04	0.0293	0	0.0445	0	0.0324	0.0067
GSM1594670	0.2595	0.0244	0.0084	0.0078	0.0148	0.0844	0.0797	0.0287	0.004	0.081	0.0016	0.0304	2.00E-04	0.098	0.0321
GSM1594671	0.053	3.00E-04	0	0	0.0016	0.0644	0.0667	0.0112	0	0.0146	0	0.0885	0.0192	0.0196	0
GSM1594672	0.0276	0	0	0	0	0.0326	0.0524	0	0.0024	0.0141	0	0.098	0	0.008	0
GSM1594673	0.0272	0	0	0	0	0.0255	0.0407	0.0131	0	0.0122	0	0.0582	0	0.0082	7.00E-04
GSM1594674	0.0453	2.00E-04	0	0	0	0.0431	0.0758	0.0065	0.0033	0.0207	0	0.0372	0	0.0071	0
GSM1594675	0.1564	0.0286	0.0336	0.0141	0.0214	0.1021	0.0904	0.0281	0.0126	0.057	0	0	0.0493	0.0177	0.0196
GSM1594676	0.0183	0	0	0	0	0	0	0	0	0	0	0.0517	0.0058	0.01	0.0171
GSM1594677	0.0368	0	0.0027	0	0	0.0283	0.0467	0	0	0.0096	0	0.1435	0	0.0089	0
GSM1594678	0.0573	0	0	4.00E-04	0	0.0108	0.0527	0	0	0.0211	0	0.082	0.0142	0.0111	0
GSM1594679	0.1209	0.0094	0.0107	0	0.0158	0.0759	0.0677	0	0.0027	0.0329	0	0.011	0	0.0337	0.0193
GSM1594680	0.1128	0.0308	0.0151	0.01	0.0404	0.0855	0.078	0.0261	0.0059	0.0428	0.0023	0.0431	0.0021	0.0448	0.0117
GSM1594681	0.1425	0.0265	0.0069	0.0134	0.0139	0.1558	0.1549	0.0441	0.0133	0.044	0.0149	0.0269	0.0237	0.0448	0.016
GSM1594682	0.0562	0	7.00E-04	0.0025	0.0122	0.0379	0.0489	0	0.0069	0.0259	0	0.0844	7.00E-04	0.0176	0.0014
GSM1594683	0.057	0.0203	0	0.0061	0.0174	0.0629	0.0759	0.0017	0.0029	0.0196	0	0.0528	0.0157	0.0094	0
GSM1594684	0.061	0	0.0113	0	0	0	0.0308	0	0	0.0349	0	0.0899	0	0.0193	0
GSM1594685	0.1587	0.0233	0.0424	0.0014	0.0165	0.0858	0.0935	0.0046	0.0069	0.0518	0	0.026	0	0.0603	0.0154
GSM1594686	0.1437	0.0306	0.0052	0.0154	0.0361	0.1185	0.1182	0.0211	0.0076	0.0506	4.00E-04	0.0095	0	0.0472	0.0089
GSM1594687	0.1727	0.0498	0.0315	0.0321	0.0462	0.1069	0.1146	0.0112	0.0072	0.0553	0	0.0091	0.0023	0.0646	0.0167
GSM1594688	0.0391	0	0.0147	0	0	0.0724	0.0811	0	0.003	0.008	0	0.072	0	0.0149	0
GSM1594689	0.0227	0	0	0	0	0.0052	0.032	0	0	0.0143	0	0.0946	0	0.0075	0
GSM1594690	0.23	0	0.0155	0	0.0069	0.0456	0.0418	0	0	0.0788	0	0.0602	0.0019	0.1	0.0264
GSM1594691	0.1571	0.0057	0.016	0	0.0095	0.0567	0.072	0.0069	3.00E-04	0.0543	0	0.0919	0	0.0412	0.0075
GSM1594692	0.2048	0.0122	0	0	0.0027	0.0564	0.0475	0.0109	0	0.0735	0	0.0378	0	0.0827	0.0301
GSM1594693	0.0821	0	0	0	0	0.0178	0.0293	0	0	0.0281	0	0.0877	0	0.0226	0
GSM1594694	0.1084	0	0.0103	0	0.0046	0.0629	0.0773	0.0095	0	0.0448	0	0.0362	0.0056	0.0299	0.0127
GSM1594695	0.044	0.0203	0.0185	0.0052	0.0184	0.0591	0.0716	0.0063	0.0041	0.0166	4.00E-04	0.0658	0.0086	0.0197	0
GSM1594696	0.0819	0.0273	0.018	0.0096	0.0405	0.0893	0.086	0	0.0165	0.0302	0	0.0439	0.0219	0.0332	3.00E-04
GSM1594697	0.1019	0	0.0107	0	0.0089	0.0323	0.0352	0	0	0.0359	0	0.1038	0.0107	0.0283	0
GSM1594698	0.1032	0.0291	0.0173	0.0076	0.0244	0.0848	0.0921	0.0118	0	0.0348	0	0.0543	0	0.0335	0.012
GSM1594699	0.1734	0.0263	5.00E-04	0.0207	0.0224	0.0539	0.0662	0.0053	0	0.0499	0	0.0443	0.0028	0.064	0.0119
GSM1594700	0.0625	0.015	0.0123	0	0.0189	0.0632	0.0752	0.0149	0	0.0201	0.0016	0.0281	0.0089	0.0162	0.0053
GSM1594701	0.0761	0.0011	0.0074	0	0.0016	0.0396	0.0672	0.0025	0	0.0297	0	0.049	0	0.0206	0.0016
GSM1594702	0.0177	0	0	0	0	0.0213	0.0511	0	0.0021	0.0042	0	0.0607	0	0.0073	0
GSM1594703	0.1037	0	0	0	0.0023	0.0323	0.0649	0.0098	3.00E-04	0.0402	0	0.0514	0	0.03	0.0024
GSM1594704	0.1079	0	0.0111	0	7.00E-04	0.0193	0.0224	0	0	0.0284	0	0.0678	0.004	0.0428	4.00E-04
GSM1594705	0.0685	0.0092	0.0082	2.00E-04	0.0056	0.0515	0.0643	0	0.001	0.0223	0	0.0262	0	0.0222	0.0097
GSM1594706	0.1535	0.0297	0.0104	0.0152	0.0333	0.1145	0.1067	0.0107	0.0105	0.0496	0	0.0311	0	0.0629	0.0162
GSM1594707	0.2118	0.0354	0.0214	0.0127	0.0409	0.0796	0.0796	0	0.0014	0.0659	0	0.0083	0	0.0661	0.0219
GSM1594708	0.1399	0.0347	0.0097	0.0178	0.0475	0.0665	0.0782	0	0.0031	0.0514	0	0.0438	0.0024	0.0578	0.0101
GSM1594709	0.1732	0.0249	0.0143	0.0141	0.0198	0.0822	0.0946	0.0205	0.0078	0.0623	0	0.0177	0.0209	0.0376	0.0233
GSM1594710	0.1563	0.0131	0.0233	0.0025	0.0074	0.0831	0.0877	0.008	0.0028	0.0519	0	0	0	0.0613	0.0215
GSM1594711	0.1005	0.0286	0.0227	0.0156	0.024	0.0649	0.0941	0	0.0042	0.0262	0	0.0161	0.0235	0.0227	0.0073
GSM1594712	0.0915	0.0128	0	0.0027	0.0252	0.0463	0.0481	0	0	0.0327	0	0.0392	0	0.0315	0.0072
GSM1594713	0.1274	0	0	0	0	0.015	0.0454	0	0.0032	0.0537	0	0.0022	0	0.0608	0.024
GSM1594714	0.2317	0.0315	0.0086	0.0198	0.0227	0.0539	0.0836	0.0182	0.0084	0.0798	0.0043	0.0058	0	0.0907	0.0293
GSM1594715	0.0857	0.0087	0	0	0.0086	0.0751	0.0857	0.0249	0.0014	0.0399	0.0028	0.0568	0	0.0246	0.002
GSM1594716	0.051	0	0	0	0	0.0317	0.0525	0.008	0.0025	0.0152	0	0.0485	0	0.0095	0.0065
GSM1594717	0.134	0	0.0027	0	0.0037	0.038	0.0575	0	0.0027	0.0455	0	0.0268	0	0.0477	0.0132
GSM1594718	0.0143	0	0	0	4.00E-04	0.0325	0.0626	0	0	0.0025	0	0.1045	0.0292	0.005	0
GSM1594719	0.1088	0.0139	0.0099	0	0.0244	0.0987	0.0902	0	0.0089	0.0398	0	0.0357	0	0.0391	0.0098
GSM1594720	0.2427	0	0	0	0	0.0034	0.0242	0	0.0028	0.0795	0	0.0406	0	0.0843	0.0446
GSM1594721	0.1726	0.0134	0	0.0084	0	0.0262	0.0759	0.0017	0	0.0591	0	0.0309	0.0532	0.0267	0.0328
GSM1594722	0.2545	0.0205	0	0.0077	0.0049	0.1114	0.1202	0.0482	0.0073	0.0756	0.006	0.0047	0.0019	0.1022	0.0285
GSM1594723	0.1465	0.0222	0.0216	0.0106	0.0183	0.0818	0.0862	0.0072	0.0078	0.0394	0	0.0637	0.0054	0.0599	0.009
GSM1594724	0.0767	0	0.0139	0	3.00E-04	0.0189	0.0263	0	0	0.0235	0	0.1106	0	0.0285	0
GSM1594725	0.1576	0.0178	0.0085	0.0034	0.0184	0.0997	0.0802	0.019	0.0012	0.0498	0	0.0403	0	0.0601	0.0144
GSM1594726	0.0583	0.0063	0	0.002	0	0.0426	0.0588	0.0123	0	0.0206	0	0.0677	0	0.0184	0.0042
GSM1594727	0.0693	0.0037	0.0116	0	0.002	0.047	0.0628	0	0	0.0222	0	0.0912	0.0079	0.0195	0
GSM1594728	0.1069	0.0182	0.0085	0.0093	0.0256	0.1215	0.1415	0.0312	0.0072	0.0342	0.0068	0.0213	0.0085	0.0282	0.0064
GSM1594729	0.064	0	0	0	0.0047	0.074	0.0591	0.008	0.007	0.0292	0	0.0586	0	0.0169	0
GSM1594730	0.0792	0.0176	0.0213	9.00E-04	0.0031	0.1001	0.1216	0.0375	0.0104	0.017	0.0026	0.0519	0.031	0.0131	0.009
GSM1594731	0.0922	0.0116	0.0039	0.0096	0.0059	0.0388	0.0612	0	0.001	0.0274	0	0.0586	0	0.0286	0.0151
GSM1594732	0.0762	0.0225	0.0132	0	0.0301	0.1403	0.1239	0.0112	0.0204	0.0344	0	0.0021	0	0.0361	0.008
GSM1594733	0.0476	0.007	0	1.00E-04	0	0.0542	0.0903	0	0.0067	0.005	0	0.0148	0	0.0074	0.0145
GSM1594734	0.1153	0.0075	0	0	0.0223	0.0539	0.057	0.0092	0	0.0462	0	0.0827	0	0.0359	0.0099
GSM1594735	0.15	0	0	0	0	0.0293	0.0626	0	9.00E-04	0.058	0	0.0867	0	0.0412	0.016
GSM1594736	0.0386	0.0033	0.0228	0	0.0066	0.0887	0.1143	0	0.0062	0.0089	0	0.0585	0	0.0191	0.0068
GSM1594737	0.1251	0.0047	0.0163	0	0.0091	0.0431	0.0458	0	0	0.0456	0	0.0409	0	0.0412	0.0254
GSM1594738	0.1482	0.0124	0.0338	0.0045	0.0011	0.0481	0.0511	0.0044	0.0089	0.0509	0	0.0271	0	0.056	0.015
GSM1594739	0.0074	0	0	0	0	0	0	0	0	0	0	0.0927	0	0.0108	0
GSM1594740	0.1875	0.0478	0.019	0.0239	0.0306	0.0604	0.0791	0.0071	0.0076	0.0563	0	0.0071	0.0081	0.0596	0.0207
GSM1594741	0.0712	0	0.0087	0	0.016	0.073	0.0928	0	0.0063	0.0236	0	0.0655	0	0.026	0
GSM1594742	0.1199	0.0301	0.0257	0.0068	0.0328	0.0664	0.0549	0.009	0.0072	0.0393	0	0.0174	0.0039	0.0481	0.0162
GSM1594743	0.0845	0.0119	0.0165	0.0028	0.0049	0.0469	0.0678	0	4.00E-04	0.025	0	0.0669	0.0219	0.0278	0
GSM1594744	0.0285	0.0044	0.0107	0	0.0124	0.0315	0.046	0	0	0.0064	0	0.0955	0.0057	0.0102	0
GSM1594745	0.0598	0	0	0	7.00E-04	0.0046	0.026	0	0	0.0194	0	0.1052	0	0.0112	0
GSM1594746	0.1447	0.0253	0.0038	0.0064	0.048	0.0715	0.0705	0.0239	0	0.0425	0	0.0271	0	0.0508	0.0183
GSM1594747	0.0382	0	0	0	0	0.0182	0.0429	0	0.0012	0.0207	0	0.0697	0	0.0145	0
GSM1594748	0.0292	0.0055	0.0029	0	0.0161	0.0592	0.0533	0	0.0024	0.0107	0	0.0434	0	0.0096	0
GSM1594749	0.1166	0.0069	0.002	7.00E-04	0.009	0.0428	0.0721	0	0.0063	0.0338	0	0.0685	0	0.0399	0.0132
GSM1594750	0.1224	0.0161	0.0141	0.0024	0.0119	0.0713	0.0681	0.0055	0.0068	0.0419	0	0.0452	0	0.0386	0.0209
GSM1594751	0.128	0.0232	0	0.0033	0.0222	0.1104	0.1008	0.0321	0.0037	0.0395	0.0044	0.0935	0	0.0492	0.0086
GSM1594752	0.0458	0.0012	0	0	0	0.0776	0.0872	0.0249	0.0097	0.0144	0.0016	0.0802	0.0316	0.0126	0
GSM1594753	0.2204	0.0329	0.023	0.0246	0.0049	0.0993	0.1202	0.0378	0.0093	0.0674	0.0036	0.001	0.0826	0.0495	0.0288
GSM1594754	0.0425	0	0	0	0	0.0148	0.0498	0	0.0025	0.0223	0	0.0527	0	0.0118	0.0024
GSM1594755	0.1642	0.0584	0.0343	0.0199	0.0477	0.131	0.1179	0.0094	0.009	0.0596	0	0.0042	0	0.0579	0.023
GSM1594756	0.2328	0.0166	0.0202	0.0053	0.0113	0.0272	0.042	0	0.0027	0.0846	0	0.0107	0	0.098	0.0414
GSM1594757	0.0493	0	0	0	0	0.0088	0.0323	0	0	0.0196	0	0.056	0	0.0193	0.0093
GSM1594758	0.0933	0.0075	0.0113	0.0015	0.0154	0.0472	0.0545	0	0	0.0314	0	0.0342	0.0114	0.0289	0.0069
GSM1594759	0.0941	0.0313	0.0362	0.0101	0.0298	0.0944	0.0927	0.0145	0.0038	0.0392	8.00E-04	0.0365	0.0055	0.0313	0.0058
GSM1594760	0.0934	0.0213	0.0253	0.0092	0.0065	0.0995	0.0971	0.015	0.01	0.0291	0	0.0243	0	0.0344	0.0124
GSM1594761	0.1101	0	0	0	0.0044	0.0168	0.0293	0	0.002	0.0378	0	0.0725	0	0.036	0.0092
GSM1594762	0.024	0	0	0	0	0	0.0073	0	0	0.0027	0	0.0685	0	0.0081	0.0049
GSM1594763	0.0197	0	0.003	0	0	0.0201	0.0291	0	0.0015	0.0038	0	0.0789	0.0064	0.0063	0
GSM1594764	0.1563	0.0025	0.006	0	0.0164	0.038	0.0453	0	8.00E-04	0.0379	0	0.066	0	0.0518	0.0148
GSM1594765	0.1184	0.0379	0.0463	0.0194	0.0106	0.0808	0.1045	0.0088	0.0114	0.0394	0	0.0444	0.006	0.0391	0.0149
GSM1594766	0.1719	0.0065	0.0235	0	0.0125	0.0239	0.0336	0	0.0058	0.0571	0	0.0486	0	0.0612	0.0104
GSM1594767	0.08	0.0085	0	0	0.0126	0.0356	0.0467	0	8.00E-04	0.0272	0	0.0429	5.00E-04	0.0248	0.0114
GSM1594768	0.1162	0.0074	0.0193	0	0	0.0398	0.0518	0	0.002	0.0395	0	0.082	0	0.0316	0.0083
GSM1594769	0.1315	0.0102	0	0	0	0.1285	0.1392	0.0396	0.0134	0.041	0	0.0278	0	0.0647	0.0113
GSM1594770	0.2003	0.0275	0.0301	0.0113	0.0224	0.1309	0.1288	0.0417	0.0086	0.0595	0.014	0.0026	0	0.0816	0.0201
GSM1594771	0.0107	0	0	0	0	0.0084	0.0351	0	0	0.0023	0	0.085	0	0.0058	0
GSM1594772	0.2019	0.0139	0	0.0035	0.0211	0.0936	0.1038	0.0185	0.0022	0.0698	0	0.0202	0.0099	0.0712	0.0235
GSM1594773	0.0901	0.0255	0.0484	0.0011	0.0187	0.0686	0.0721	0	0.0012	0.0293	0	0.096	0	0.0216	0
GSM1594774	0.0544	0.0025	0.0232	0.002	0	0.0529	0.0404	0	0	0.0069	0	0.0192	0.0025	0.0163	0.0037
GSM1594775	0.0741	0	0	0	0	0.0051	0.0331	0	0	0.0193	0	0.0978	0	0.0262	0.0051
GSM1594776	0.1102	0.014	0.0317	0.006	0.0111	0.0915	0.103	0.0052	0.0076	0.0333	0	0.0158	0	0.0299	0.0253
GSM1594777	0.072	0.0104	0.0315	0	0	0.0684	0.0709	0.0035	0.0035	0.0294	0	0.0313	0.0644	0.0327	0
GSM1594778	0.0682	0.0231	0.047	0.0046	0.0266	0.0587	0.071	0	0.0025	0.0367	0	0.0556	0	0.0178	0
GSM1594779	0.2222	0.0125	0.0125	3.00E-04	0.0115	0.0762	0.0639	0.0112	0.0101	0.0725	0	0.0401	0	0.0945	0.0308
GSM1594780	0.1085	0	0	0	0	0.0127	0.029	0	0	0.0277	0	0.0482	0	0.0314	0.0193
GSM1594781	0.0379	0	0.0227	0	0	0.1046	0.1187	0.019	0.0033	0.0229	0	0.0459	0.0117	0.0188	0
GSM1594782	0.2465	6.00E-04	0.0234	0	0.0013	0.0413	0.0494	0	0	0.0891	0	0.029	0	0.097	0.0262
GSM1594783	0.167	0.0442	0.0223	0.0211	0.0302	0.1089	0.114	0.0208	0.0092	0.0433	0	0.0283	0	0.0685	0.0198
GSM1594784	0.2323	0.0485	0.0363	0.0212	0.0576	0.099	0.0958	0	0.0056	0.0743	0	0.0032	0.0017	0.0838	0.0291
GSM1594785	0.0875	0.0039	0.0032	0	0.0273	0.0482	0.052	0	0.0063	0.0429	0	0.0886	0.0019	0.0266	0.0043
GSM1594786	0.2011	0.0273	0	0.0058	0.0158	0.0764	0.0931	0.0261	0.0047	0.0686	0	0.0251	0.0089	0.0474	0.036
GSM1594787	0.0751	0	0.0092	0	4.00E-04	0.0834	0.0803	0	0	0.0228	0	0.0316	0.0076	0.0316	0.0051
GSM1594788	0.1779	0.019	0.0323	6.00E-04	0.0325	0.0792	0.0948	0	0.0114	0.0694	0	0.0366	0.0088	0.056	0.0131
GSM1594789	0.0919	0.0289	0.0342	0.0034	0.0142	0.0884	0.0933	0.03	0.0056	0.0324	0	0.0142	0	0.0305	0.0122
GSM1594790	0.1176	0.0173	0.0092	0	0.0241	0.0502	0.0501	0	0.0048	0.0302	0	0.0581	0	0.0456	0.008
GSM1594791	0.1375	0.0312	0.0327	0	0.0353	0.1193	0.0894	0	0.0152	0.0492	0	0.0511	0	0.0527	0.0136
GSM1594792	0.1688	0.0117	0.02	0.002	0.0294	0.0377	0.0313	0	0	0.065	0	0.0573	0	0.0539	0.0214
GSM1594793	0.0407	0	1.00E-04	0	0.0138	0.0351	0.0408	0	0	0.0077	0	0.0935	0.0127	0.0128	0
GSM1594794	0.075	0.0098	0.0057	0	0.0242	0.1286	0.1347	0.0228	0.0064	0.0195	0	0.0456	0	0.0201	0.0018
GSM1594795	0.0963	0.0075	0	0	0.0046	0.0831	0.1114	0	0.007	0.0272	0	0.1056	0.0349	0.0188	0.0055
GSM1594796	0.2125	0.005	0.0081	0	0	0.0182	0.0381	0	0.0015	0.0746	0	0.0355	0	0.0504	0.0417
GSM1594797	0.0454	0	0.0099	0	0	0.0385	0.0482	0	0	0.0096	0	0.0386	0	0.0191	0
GSM1594798	0.1077	0.0103	0.017	0	0.01	0.0646	0.0714	0	0.0047	0.0367	0	0.0186	0	0.0479	0.0095
GSM1594799	0.1475	0.0531	0.0334	0.0131	0.0605	0.1414	0.1164	0.0061	0.0117	0.0479	0	0.0213	0	0.0486	0.0202
GSM1594800	0.0223	0	0	0	0	0.0431	0.0652	0.006	2.00E-04	0.005	0	0.1084	0	0.0081	0
GSM1594801	0.0411	0.0071	0.0088	0	0.0129	0.0482	0.0721	0	0.0057	0.0155	0	0.0855	0	0.0094	0
GSM1594802	0.2601	0.0115	9.00E-04	0.0035	0.0069	0.0604	0.0876	0.009	0.0044	0.0833	0	0.031	0.0189	0.0917	0.0297
GSM1594803	0.2454	0.0098	0	0.0015	0.0021	0.0519	0.0638	0.0067	0.0076	0.0764	0	0.02	0	0.0973	0.0315
GSM1594804	0.2423	0.0215	0.0165	0	0.0238	0.072	0.0593	0.0054	0.0046	0.0802	0	0.0246	0.0014	0.0841	0.0253
GSM1594805	0.067	0.0013	0	2.00E-04	0.0051	0.0387	0.041	0	0.003	0.0225	0	0.0636	0.0125	0.0148	8.00E-04
GSM1594806	0.3178	0.0154	0	0.004	0.006	0.0473	0.0646	0	0	0.1023	0	0.0054	0.0017	0.1106	0.037
GSM1594807	0.1361	0.045	0.0428	4.00E-04	0.0472	0.1284	0.1203	0.0174	0.0091	0.0384	0	0.0325	0	0.0388	0.0163
GSM1594808	0.0928	0.0199	0.0159	0.0052	0.0175	0.0919	0.1086	0.0301	0.003	0.0244	0.001	0.0394	0.0098	0.022	0.0024
GSM1594809	0.2846	0.0207	0.0128	0	0.0205	0.0612	0.063	0.0052	0.0047	0.0977	0	0.0158	0	0.1236	0.036
GSM1594810	0.1553	0.0171	0.0161	0	0	0.0747	0.1139	0	0.0061	0.0596	0	0.0695	0.0665	0.0147	0.0234
GSM1594811	0.0967	0.0085	0.004	0.005	3.00E-04	0.0518	0.0909	0.0066	9.00E-04	0.0275	0	0.0773	0.0739	0.0211	0.0029
GSM1594812	0.1069	0.02	0.0165	0.005	0.0178	0.0937	0.1024	0.0253	0.0016	0.035	0	0.029	0	0.0271	0.0123
GSM1594813	0.0171	0	0.0149	0	0	0.0305	0.0345	0	0	0.0023	0	0.052	0.0091	0.0098	0
GSM1594814	0.1258	0	0	0	0	0	0.0159	0	0	0.046	0	0.1197	0	0.0299	0.0077
GSM1594815	0.0894	0.0229	0.0173	0.0131	0.02	0.101	0.1038	0.0066	0.0048	0.0247	0	0.0253	0	0.0364	0.004
GSM1594816	0.0464	7.00E-04	0.0061	0	0.018	0.0467	0.0704	0	0	0.0209	0	0.0625	0	0.0144	1.00E-04
GSM1594817	0.1009	0	0.0282	0	0.0064	0.015	0.0169	0	0	0.0403	0	0.0796	0	0.0334	0.0096
GSM1594818	0.0255	0	0.0228	0	0.0071	0.0337	0.0225	0	0.0051	0.0123	0	0.0343	0	0.0125	6.00E-04
GSM1594819	0.0729	0.0111	0.0136	0.0082	0.0055	0.0928	0.1112	0.0254	1.00E-04	0.0211	0	0.0606	0	0.0142	0.0017
GSM1594820	0.0354	0	0	0	0.0017	0.0766	0.0836	0.0271	0	0	0	0.0479	0.0133	0.0068	0.0019
GSM1594821	0.1312	0	0.0068	0	0.0066	0.0046	0.011	0	0	0.0484	0	0.0684	0.0083	0.0422	0.0156
GSM1594822	0.1082	0.0176	0.0377	0	0.017	0.0382	0.0478	0	0.0088	0.049	0	0.0506	0.001	0.0286	0.003
GSM1594823	0.1005	0.0049	0.002	0	8.00E-04	0.0373	0.0588	0.0025	0	0.0412	0	0.0322	0	0.0322	0.0106
GSM1594824	0.0848	0	0	0	0.0095	0.0616	0.0433	0.0107	0.0022	0.03	0	0.0692	0	0.0309	0.0029
GSM1594825	0.0296	0	0	0	0	0.0178	0.0371	0	0	0.0155	0	0.0865	0.001	0.0111	0
GSM1594826	0.0546	0	0	0	0.0048	0.0335	0.0372	0	0	0.02	0	0.0898	0	0.0218	0
GSM1594827	0.1672	0.0111	0.0206	0.0033	0.0062	0.0573	0.0761	0.0046	0.0014	0.0587	0	0.0318	0	0.0618	0.0173
GSM1594828	0.0651	0.0024	0	0.004	0	0.0623	0.1002	0.0151	0	0.0205	0	0.0443	0.017	0.0104	0.0036
GSM1594829	0.0977	0.0098	0.012	0.0045	0.0042	0.0565	0.0678	0.0104	0.0034	0.037	0	0.0347	0.0055	0.0287	0.0067
GSM1594830	0.1224	0.0396	0.0272	0.0077	0.0527	0.134	0.109	0.0249	0.0145	0.0427	0	0.0219	0	0.0525	0.0135
GSM1594831	0.0859	0.0239	0.0176	0	0.0231	0.13	0.1069	0.0114	0.0116	0.0273	0	0.0257	0	0.0239	0.0081
GSM1594832	0.0919	0.0301	0.0122	0.0049	0.0413	0.1306	0.109	0.0397	0.0069	0.0265	0.0078	0.0231	0.0078	0.032	0.0063
GSM1594833	0.1519	0.0075	0	0	0.0069	0.0571	0.068	0	0.0044	0.0337	0	0	0.0312	0.0522	0.0257
GSM1594834	0.0269	0.0048	0.0101	2.00E-04	0	0.0322	0.042	0	0.0036	0.003	0	0.0783	0.0096	0.0069	0
GSM1594835	0.0991	0.0182	0.0141	0	0.015	0.0728	0.0727	0	0.0037	0.0305	0	0.0354	0	0.0367	0.0082
GSM1594836	0.0126	0	0	0	0	0	0.0012	0	0	0.005	0	0.0383	0.013	0.014	0.0133
GSM1594837	0.0932	0.0298	0.0231	0.005	0.0425	0.1024	0.0739	0	0.0055	0.0325	0	0.0686	0	0.0379	0.0028
GSM1594838	0.13	0.0215	0.0245	0.0089	0	0.0292	0.0574	0	0	0.0427	0	0.0436	0.0174	0.0253	0.0055
GSM1594839	0.1199	0	0	3.00E-04	0	0.02	0.0479	0.0067	8.00E-04	0.0435	0	0.0149	0	0.0167	0.0129
GSM1594840	0.1026	0.0262	0.0297	0.0069	0.0354	0.0413	0.0624	0	0	0.0362	0	0.0438	0	0.0185	0.0055
GSM1594841	0.2618	0.0152	0.0116	0.0059	0.0094	0.0612	0.0782	6.00E-04	0.0032	0.0857	0	0.0228	0.0099	0.0857	0.0241
GSM1594842	0.1246	0.0273	0.0223	0.004	0.0361	0.0736	0.0797	0	0.0013	0.0467	0	0.1004	0	0.0483	0
GSM1594843	0.1529	0.0401	0.0414	0.0165	0.0343	0.1135	0.1223	0.0314	0.0075	0.0512	0	0.0092	0	0.0511	0.0139
GSM1594844	0.112	0.0254	0.0146	0.0097	0.0341	0.1002	0.1012	0.0343	0.0052	0.0321	0.0015	0.0205	0.0078	0.0225	0.0114
GSM1594845	0.1597	0.0299	0.0415	0.0085	0.0225	0.0781	0.0855	9.00E-04	0.0079	0.0585	0	0.0379	0.0055	0.0662	0.0196
GSM1594846	0.0405	0.011	0.0237	0	0.0145	0.0895	0.1226	0	0.0067	0.0116	0	0.0538	0	0.012	0
GSM1594847	0.1282	0.0173	0.0238	2.00E-04	0.019	0.0718	0.0709	0.0021	0.0049	0.0429	0	0.0244	0	0.0621	0.0142
GSM1594848	0.0429	0.0071	0.0139	0.0048	0	0.0595	0.0963	0	0.0025	0.0125	0	0.0675	0.0053	0.0139	0
GSM1594849	0.1317	0	0.0079	0	0	0.0248	0.0581	0	0	0.0441	0	0.074	0	0.0407	0.0132
GSM1594850	0.089	0	7.00E-04	5.00E-04	0	0.0256	0.0611	0	0	0.0218	0	0.0417	0.0156	0.0077	0.0037
GSM1594851	0.1632	0.0087	0.0146	7.00E-04	0.0156	0.0762	0.0881	0.0042	0.0048	0.0638	0	0.031	0	0.0491	0.0158
GSM1594852	0.0707	0	3.00E-04	0	0	0.0426	0.0691	0	0	0.0302	0	0.1274	0.0072	0.0242	0
GSM1594853	0.0996	0.0062	0.0092	0	0.0318	0.0304	0.0321	0	0	0.0305	0	0.0818	0	0.0363	0.0022
GSM1594854	0.0973	0	0.0038	0	0.0073	0.0424	0.0533	0	0	0.0376	0	0.0769	0	0.0284	0.0032
GSM1594855	0.1646	0.0264	0.0168	0.0088	0.0265	0.0821	0.0917	0.0229	0.0065	0.0508	0.0022	0.0109	0.0016	0.0576	0.0193
GSM1594856	0.0858	0.0029	0	0.0039	0	0.0412	0.0889	0.0155	0.0032	0.0304	0.0028	0.0287	0	0.0251	0.0131
GSM1594857	0.0786	0.0287	0.0279	0.0059	0.0246	0.0684	0.0727	0.0064	0.0063	0.0288	0	0.0618	6.00E-04	0.0289	0
GSM1594858	0.1355	0	0	0	0	0.0077	0.0142	0	0	0.0397	0	0.1383	0	0.0427	0.0231
GSM1594859	0.0682	8.00E-04	0	0	0.0061	0.0521	0.0726	0.0149	0	0.0268	0	0.0775	0	0.0209	0.0034
GSM1594860	0.1473	7.00E-04	0	0	0.0093	0.0493	0.0741	0.0036	0.0029	0.045	0	0.06	0.0064	0.0517	0.0176
GSM1594861	0.1021	0.0232	0.0104	0.0011	0.026	0.1322	0.1121	0.0059	0.0102	0.035	0	0.0257	0	0.0442	0.0083
GSM1594862	0.1306	0.0106	0.0146	0.0027	0.0381	0.0491	0.0624	0.0021	9.00E-04	0.047	0	0.0698	0	0.0512	0.0073
GSM1594863	0.1611	0.0234	0.0075	0.0131	0.0192	0.0972	0.1066	0.004	0.008	0.056	0	0.0181	0.007	0.0645	0.0186
GSM1594864	0.1956	0.0091	0.0101	0	0.02	0.0572	0.0558	0.0153	0.0027	0.0611	0	0.0313	0	0.0775	0.0269
GSM1594865	0.2513	0.0173	0	0	0.0221	0.036	0.0577	0	0	0.0737	0	0.0385	0	0.0999	0.0354
GSM1594866	0.0846	0.0214	0.0305	0.0057	0.0342	0.0785	0.0857	0.0093	9.00E-04	0.0284	0	0.0465	0.003	0.0325	0.006
GSM1594867	0.1416	0.0132	0.0341	0.0037	0.0199	0.0705	0.0726	0	0.0059	0.0509	0	0.0831	0	0.0489	0.0113
GSM1594868	0.1455	0.0264	0.03	0.0071	0.0274	0.092	0.0908	0.0046	0.0019	0.0475	0	0.0305	0.0107	0.0512	0.0217
GSM1594869	0.057	0.011	0.0167	0	0.0064	0.0608	0.0644	8.00E-04	0.0017	0.0174	0	0.0281	0	0.029	0.0025
GSM1594870	0.1799	0.0248	3.00E-04	0.0077	0.0478	0.0753	0.0602	0.0197	0	0.0534	0.0053	0.0271	0.0133	0.0746	0.0265
GSM1594871	0.2321	0.0193	0.0239	0.0091	0.0203	0.0512	0.0566	0.0098	0.0051	0.0753	0	0.0453	0	0.093	0.0218
GSM1594872	0.2016	0.0461	0.0317	0.019	0.0424	0.0704	0.0838	0.0093	0.0038	0.0706	0	0.0213	0	0.0707	0.0248
GSM1594873	0.1786	0.0194	0.0405	0	0.0121	0.0631	0.0741	0	0.0063	0.0654	0	0.0354	0	0.0683	0.0288
GSM1594874	0.1801	0.0107	0.0233	0	0.0103	0.0328	0.0189	0	0.0048	0.0611	0	0.0914	0	0.0667	0.0081
GSM1594875	0.0455	0.0023	0.0256	0	0.0028	0.0586	0.0883	0	0.0084	0.0148	0	0.1532	0	0.0052	0
GSM1594876	0.0483	0	0	0	0	0.0277	0.068	0.0022	0	0.015	0	0.0475	0	0.0123	0.0093
GSM1594877	0.0547	0	0.0046	0	0	0.0184	0.0458	0	0	0.0184	0	0.0168	0	0.017	0.008
GSM1594878	0.0575	0.0343	0.0314	0.0147	0.025	0.068	0.0895	0.0089	0.0095	0.0194	0	0.0478	0	0.0178	0.0015
GSM1594879	0.0777	0	0	0.0016	0	0.0292	0.0879	0	0	0.0297	0	0.057	0	0.0229	0.0099
GSM1594880	0.0847	0	0.0132	0	0	0.0122	0.0334	0	0	0.0204	0	0.0461	0	0.0271	2.00E-04
GSM1594881	0.2051	0.0529	0.0211	0.0236	0.0466	0.109	0.1108	0.0272	0.0134	0.0594	0	0.0207	0	0.0843	0.0265
GSM1594882	0.0901	0.009	0	0.0054	0	0.0395	0.0817	0	0	0.024	0	0.1581	0.04	0.0203	0
GSM1594883	0.0438	0.0232	0.0288	0.0058	0.0149	0.0702	0.0811	0.0106	0.0041	0.0133	0	0.0369	0.0149	0.0134	0.0022
GSM1594884	0.137	0.0229	0.0349	0.0072	0.0044	0.0322	0.0451	0	0.0065	0.0561	0	0.0647	0.0123	0.0368	0.008
GSM1594885	0.0341	0.0156	0.0257	0	0.0128	0.0585	0.0457	0	0.004	0.0069	0	0.0427	0	0.008	0
GSM1594886	0.1758	0.0245	0.0253	0.0131	0.0103	0.059	0.0685	0.0064	0.002	0.0568	0	0.077	0	0.0612	0.0096
GSM1594887	0.1072	0.0016	0.0197	8.00E-04	0.0105	0.0183	0.0239	0	0	0.0418	0	0.0952	7.00E-04	0.0329	0.0062
GSM1594888	0.1171	0.0359	0.0135	0.0054	0.0564	0.1097	0.0789	0	0.0128	0.0367	0	0.0837	0	0.0499	5.00E-04
GSM1594889	0.1198	0.0177	0.0156	0.0073	0.0128	0.0531	0.0704	0.0033	0.0044	0.0278	0	0.0627	0.0059	0.0155	0.0182
GSM1594890	0.1618	0.0455	0.029	0.024	0.0458	0.0691	0.0798	0.0047	0	0.0566	0	0.0495	0	0.0533	0.0154
GSM1594891	0.0307	1.00E-04	0.0091	0	7.00E-04	0.0677	0.0748	6.00E-04	0.0071	0.0118	0	0.0697	0.0124	0.0113	0
GSM1594892	0.0578	0	0.001	0	0.0241	0.0174	0.0246	0	3.00E-04	0.0234	0	0.0693	0	0.0247	0.0097
GSM1594893	0.0726	0.0078	0.01	0	0.0129	0.0716	0.0886	0.0171	5.00E-04	0.0319	0.0134	0.0419	0	0.0233	0.0048
GSM1594894	0.0254	0	0	0	0.0013	0.0253	0.0486	0	0.0039	0.0079	0	0.0446	0.012	0.0078	0
GSM1594895	0.0216	0	0	0	0	0.0621	0.0903	0.0262	0.0012	0.0025	0.003	0.0398	0	0.0078	0
GSM1594896	0.0495	0	0.019	0	0	0.024	0.0509	0	0	0.0208	0	0.0597	0.0075	0.0158	0.0111
GSM1594897	0.0632	0.0292	0.0309	0.0032	0.0335	0.1106	0.0996	0.0051	0.01	0.0209	0	0.0296	0	0.0252	0.0056
GSM1594898	0.2218	0.0181	0.0252	0.0046	0.0149	0.0552	0.0587	9.00E-04	0.0124	0.07	0	0.0363	0	0.0827	0.0263
GSM1594899	0.1635	0.0295	0.0336	0.0095	0.0099	0.1166	0.1157	0.0261	0.0089	0.045	0	0.0022	0.0459	0.0392	0.021
GSM1594900	0.0841	0.0037	0.0198	0	0.0103	0.0442	0.0567	0	0.0075	0.0293	0	0.0565	0	0.0309	0.0031
GSM1594901	0.1264	0.0281	0.0074	0.0023	0.0342	0.1509	0.1164	0.0159	0.0142	0.0381	0	0.0137	0	0.0549	0.0133
GSM1594902	0.1408	0.0232	0	0	0.0245	0.1037	0.0945	0.0318	0.0083	0.0437	0.0016	0.0717	0	0.0488	0.0097
GSM1594903	0.0871	0.0087	0.0112	0	0.0288	0.0607	0.0682	0.0079	0.0017	0.03	0	0.0476	0	0.0314	0.0053
GSM1594904	0.0296	0	0.0048	0	2.00E-04	0.0209	0.036	0	0	0.0093	0	0.0754	0	0.0103	0
GSM1594905	0.0615	0.0126	0.0164	0	0.0086	0.089	0.0835	0.0076	0.0018	0.0191	0	0.0286	0	0.0133	0.0085
GSM1594906	0.0429	0	0.0059	0	0.0146	0.074	0.0556	0	0.0103	0.0134	0	0.0793	0	0.0094	0
GSM1594907	0.1159	0.0239	0.026	0	0.0275	0.0851	0.0692	0.0032	0.0083	0.0319	0	0.0799	0	0.0433	0.0063
GSM1594908	0.2106	0.0335	0.0017	0.0158	0.0561	0.0693	0.0833	0.0054	0.0041	0.0672	0	0.0608	0.0071	0.0894	0.0206
GSM1594909	0.2026	0.028	0.0084	0.0059	0.0363	0.0533	0.0743	0	6.00E-04	0.0717	0	0.067	0.0065	0.0871	0.0289
GSM1594910	0.1183	5.00E-04	0.0027	2.00E-04	0.0093	0.0271	0.037	0	0	0.0385	0	0.0563	0.0012	0.041	0.0047
GSM1594911	0.1879	0.0332	0.011	0	0.0444	0.0823	0.0698	0.0122	0.0142	0.0675	0	0.0359	0	0.0631	0.0325
GSM1594912	0.0361	0	0.0108	0	0.0091	0.0337	0.0388	0	0	0.0061	0	0.1404	0	0.0017	0
GSM1594913	0.1228	0.027	0.0277	0.0014	0.0232	0.0634	0.0695	0.0037	0.0053	0.0435	0	0.0455	0	0.0403	0.0079
GSM1594914	0.0865	0.0277	0.0188	0.0016	0.0444	0.083	0.0731	0	0.0027	0.0325	0	0.0654	0	0.0223	0
GSM1594915	0.1838	0.0275	0.0475	0	0.0366	0.1003	0.0798	0	0.0086	0.0606	0	0.013	0	0.0649	0.0239
GSM1594916	0.1507	0	0.0093	0	0.0011	0.0232	0.0311	0	0.0032	0.0438	0	0.1215	3.00E-04	0.054	0.0144
GSM1594917	0.0538	0	0	0	0.0014	0.0337	0.0606	0.0075	0.0021	0.0229	0	0.0472	0	0.0137	0.0064
GSM1594918	0.203	0.0044	0.0068	0	0.0089	0.0547	0.0641	0.0066	0	0.0609	0	0.0316	0	0.0848	0.0309
GSM1594919	0.0916	0.0187	0.0232	0.003	0.0019	0.0689	0.079	0.004	0	0.0256	0	0.0354	0	0.0316	0.012
GSM1594920	0.1571	0.0379	0.0164	0	0.0537	0.1219	0.0631	0.0087	0.0049	0.0517	0	0.0402	0	0.0556	0.0177
GSM1594921	0.0266	0	0.0096	0	0.0079	0.0152	0.0349	0	0	0.0013	0	0.0818	0	0.0069	0
GSM1594922	0.1574	0.0431	0.0527	0.0098	0.031	0.1244	0.1222	0.0194	0.0185	0.0518	0	0.0172	0	0.0544	0.0421
GSM1594923	0.1339	0.0362	0.0158	0.006	0.0392	0.0747	0.07	0.0178	8.00E-04	0.0397	0	0.0298	0	0.0479	0.0186
GSM1594924	0.1328	0.0232	0.0124	0	0.0308	0.0994	0.0824	0.0117	0.0029	0.0366	0	0.0341	0	0.0516	0.0123
GSM1594925	0.1098	0.0254	0.0412	0	0.0265	0.1057	0.0874	0.0306	0.0105	0.0375	0.0046	0.015	0	0.0415	0.013
GSM1594926	0.1594	0.0238	0.0329	0.0104	0.01	0.1149	0.117	0.0089	0.0079	0.0521	0	0.0355	0	0.0585	0.0136
GSM1594927	0.1609	0.0101	0.0145	0.0022	0.0124	0.0401	0.0536	0	0.0046	0.0573	0	0.0893	0	0.0571	0.0142
GSM1594928	0.068	9.00E-04	0.0043	2.00E-04	0.0046	0.0361	0.0524	0	0	0.0211	0	0.0425	0	0.0171	0.0233
GSM1594929	0.1675	0.035	0.0151	0.0134	0.0308	0.1259	0.1327	0.0075	0.0064	0.0563	0	0.0105	0.0116	0.0699	0.0185
GSM1594930	0.239	0	0.0039	0	0.011	0.0319	0.0362	0	0	0.0793	0	0.0273	0	0.085	0.027
GSM1594931	0.0868	0.0274	0.0195	0	0.0468	0.0975	0.0728	0	0.006	0.031	0	0.0775	0	0.0327	0
GSM1594932	0.0732	0.0163	0.0237	0.0035	0.0132	0.0884	0.1138	0	0.0052	0.0321	0	0.0558	0.0035	0.0331	0
GSM1594933	0.0743	0.0298	0.0193	0.0031	0.0382	0.1069	0.1087	0	0.0118	0.022	0	0.0051	0.0241	0.0338	0.0099
GSM1594934	0.1181	0.0419	0.0308	0.0164	0.024	0.0977	0.1089	0	0.0077	0.0427	0	0.0205	0	0.04	0.0088
GSM1594935	0.0287	0	0.0022	0	0.001	0.0317	0.0536	0.0014	0	0.0138	0.0024	0.0788	0	0.0085	0
GSM1594936	0.0497	0.0118	0.0263	0	0.011	0.0883	0.1125	0.0033	0.0056	0.0121	0	0.0451	0	0.0119	0
GSM1594937	0.0809	0.0166	0.0351	0	0.0325	0.0814	0.0627	0.0024	0.0086	0.028	4.00E-04	0.0494	4.00E-04	0.033	0
GSM1594938	0.0248	0	0	0	0	0	0.0241	0	0	0.008	0	0.108	0.0038	0.0109	0
GSM1594939	0.12	0	0	0	0.0124	0.0593	0.0475	0.0054	0.003	0.0359	0	0.0879	0	0.0348	0.0104
GSM1594940	0.0552	0	0.0042	0	0	0.0555	0.0684	0	0	0.0232	0	0.0733	0	0.0186	0
GSM1594941	0.1592	0.0042	0.0127	0	0.0097	0.0526	0.0706	0	0.0024	0.0511	0	0.0548	8.00E-04	0.0606	0.0177
GSM1594942	0.0474	0.006	0.0253	0	0.0105	0.0746	0.0772	0	0.0048	0.0073	0	0.0704	0.0026	0.0141	0.0024
GSM1594943	0.0738	0	0	0	3.00E-04	0.025	0.0224	0	0	0.0278	0	0.1531	0	0.0267	0
GSM1594944	0.0412	0	0	0	0	7.00E-04	0.009	0	0	0.0177	0	0.1422	0	0.0073	0
GSM1594945	0.1213	0	0	0	0	0	0	0	0	0.0552	0	0.0322	0	0.0401	0.0279
GSM1594946	0.2247	0.0162	0	0.0069	0.0066	0.0811	0.1012	0.0305	0.0014	0.0753	0	0.0494	0.004	0.074	0.0256
GSM1594947	0.0415	0	0	0	0	0.0529	0.0687	0.0064	0.0035	0.0117	0	0.0818	0.0104	0.0149	4.00E-04
GSM1594948	0.1303	0.0227	0	0.0052	0.0133	0.0493	0.1011	0.0011	0.0019	0.0404	0	0.029	0	0.0125	0.0085
GSM1594949	0.2257	0.0318	0.0385	0.0114	0.0243	0.0771	0.0922	0.0082	0.0063	0.078	0	0.0308	0	0.0889	0.026
GSM1594950	0.0742	0.0061	0.0342	0	3.00E-04	0.0566	0.0623	0	0.0058	0.0116	0	0.028	0.0054	0.0145	0.0099
GSM1594951	0.1208	0.0255	0.0083	0.0039	0.0302	0.1051	0.1046	0.0103	0.0078	0.0379	0	0.0242	0	0.0437	0.0121
GSM1594952	0.0582	0.009	0.013	0	0.0147	0.1028	0.085	0.0194	0.0081	0.0244	0	0.0567	0	0.0254	0.0017
GSM1594953	0.0525	0	0	0	0	0.0085	0.0519	0	0	0.0298	0	0.0585	0	0.0057	0.0061
GSM1594954	0.181	0.0112	0.0184	0	0.0145	0.0392	0.038	0.0046	0	0.0536	0	0.0665	0	0.0745	0.0178
GSM1594955	0.0887	0.0021	0	0	0	0.0954	0.0831	0.0254	0.0037	0.0301	0.0019	0.0428	0	0.0302	0.0096
GSM1594956	0.1798	0.0558	0.0312	0.0185	0.0464	0.0964	0.1	0.0322	0.0056	0.0479	0	0.0204	0	0.0423	0.0304
GSM1594957	0.1327	0.0256	0.0425	0.0079	0.0035	0.0453	0.0584	0	2.00E-04	0.0483	0	0.0375	0	0.0271	0.0026
GSM1594958	0.1477	0.0159	0.037	0	0	0.0702	0.0656	0	0.0043	0.0673	0	0.0305	0	0.0564	0.0135
GSM1594959	0.1668	0.0402	0.0325	0.0119	0.0293	0.0995	0.1197	0.0046	0.0077	0.0557	0	0.0253	0.0056	0.0443	0.02
GSM1594960	0.0989	0	0	0	0	0	0	0	0	0.0466	0	0.0128	0	0.0461	0.023
GSM1594961	0.1164	0.0036	0.0167	0	0.0283	0.078	0.084	0	0	0.0445	0	0.1151	0	0.0408	0.0101
GSM1594962	0.1327	0.0241	0.0223	0	0.0303	0.1062	0.0858	0.0274	0.0069	0.0424	0	0.0235	0	0.0628	0.0161
GSM1594963	0.1163	0.0111	0.0182	0.0018	0.0405	0.0806	0.0838	0.0128	0.0027	0.0418	0	0.0335	0.0164	0.0454	0.0065
GSM1594964	0.1978	0.0047	0.0226	0	0.0132	0.0628	0.0521	0	0.0018	0.0633	0	0.1441	0	0.0762	0.0114
GSM1594965	0.0375	0.0011	0	0	0	0.0528	0.0793	0.0163	0	0.0158	0	0.0567	0	0.0116	3.00E-04
GSM1594966	0.0978	0.0342	0.0228	0	0.037	0.1089	0.1095	0.0035	0.0046	0.0408	0	0.0315	0	0.0272	0.0107
GSM1594967	0.181	0.031	0.0132	0.0078	0.025	0.088	0.129	0.02	0.0076	0.0622	0.0095	0.038	0	0.0529	0.0146
GSM1594968	0.1793	0.0434	0.0068	0.0055	0.0522	0.1081	0.1384	0.0398	0.0177	0.0653	0.0016	0.0394	0.0045	0.0819	0.0272
GSM1594969	0.0545	0.0144	0.0064	0	0.0125	0.0585	0.092	0	0.0012	0.0145	0	0.0734	0	0.0186	0
GSM1594970	0.0183	0	0	0	0	0.0754	0.1017	0.0114	0.007	0	0	0.0626	0.0443	0.008	0.0017
GSM1594971	0.2211	0.0339	0.0312	0.0045	0.0274	0.09	0.0847	0	0.0092	0.0674	0	0.0298	0	0.0882	0.0236
GSM1594972	0.1983	0	0	0	0.004	0.0262	0.0678	0	0	0.0755	0	0.1042	0.0037	0.0666	0.032
GSM1594973	0.1106	0.0203	0.0172	0	0.0081	0.0772	0.0882	0.0041	0.0037	0.0256	0	0.0281	0.0064	0.0369	0.0088
GSM1594974	0.1249	0	0	0	0	0.0925	0.0994	0.0098	0.0065	0.0371	0	0.049	0.0016	0.042	0.0097
GSM1594975	0.1141	0.0187	0.0052	0.0014	0.0268	0.098	0.1177	0.0125	0.0032	0.0295	0.0018	0.063	0.033	0.0407	0.0093
GSM1594976	0.1688	0.048	0.0269	0.015	0.0587	0.1325	0.1336	0.003	0.0132	0.0467	0	0.0189	0.0105	0.0633	0.016
GSM1594977	0.0704	0	0	0	0	0.0128	0.041	0.0016	0.0032	0.0252	0	0.1113	0	0.0273	0.0023
GSM1594978	0.0738	0.0052	0.0174	0	0.0062	0.0313	0.0308	0	0.0039	0.0389	0	0.0807	0	0.0291	0
GSM1594979	0.0629	0	0	0	0	0	0.0216	0	4.00E-04	0.0329	0	0.0423	0	0.0172	0.002
GSM1594980	0.108	0.0363	0.0207	0.0106	0.0205	0.0609	0.1044	0.0078	0.0049	0.0338	0	0.0635	0	0.0125	0.0074
GSM1594981	0.0848	0.0369	0.0308	0.01	0.0446	0.1442	0.1388	0.0107	0.012	0.024	0	0.0107	0	0.0349	0.0037
GSM1594982	0.0285	0	0	0	0	0.0378	0.0675	0.0155	5.00E-04	0.0133	0	0.0611	0	0.0119	0.0021
GSM1594983	0.0828	0	0	0	0.0018	0.0434	0.044	0	0	0.0307	0	0.0715	0	0.0318	0
GSM1594984	0.0255	0	0.0031	0	0	0.0243	0.0484	0	0.0022	0.0115	0	0.0712	0	0.0022	2.00E-04
GSM1594985	0.141	0.032	0.0044	4.00E-04	0.0439	0.1184	0.1094	0.0026	0.0124	0.0476	0	0.0228	0	0.0596	0.0145
GSM1594986	0.0499	6.00E-04	0.0044	0	0.0059	0.0348	0.0363	0	0	0.021	0	0.0656	0.0014	0.0161	0
GSM1594987	0.0098	0	0	0	0	0	0.0236	0	0	0.0033	0	0.0916	0	0.0058	0
GSM1594988	0.0267	0	0	0	0	0.0024	0.0106	0	0	0.0113	0	0.0851	0	0.0092	0
GSM1594989	0.0041	0	0	0	0	0.0224	0.0494	0	0	0	0	0.0915	0	0.0086	0
GSM1594990	0.1619	0.0517	0.04	0.0197	0.0474	0.0741	0.0912	0	7.00E-04	0.0527	0	0.025	0.0114	0.0624	0.0158
GSM1594991	0.1793	0.0606	0.0532	0.0284	0.052	0.0389	0.0628	0	0	0.0649	0	0.0087	0	0.057	0.0147
GSM1594992	0.1575	0.0289	0.0281	0.0087	0.0186	0.0719	0.0741	0.0045	0.0075	0.0455	0	0.0191	0	0.0473	0.0224
GSM1594993	0.0218	0	0	0	8.00E-04	0.0123	0.0394	0	0	0.0046	0	0.0973	0	0.0071	0
GSM1594994	0.0888	0	0.0193	0	0	0.0268	0.0246	0	1.00E-04	0.0309	0	0.0337	0	0.0377	0.0146
GSM1594995	0.1883	0.0431	0.0357	0	0.0545	0.1111	0.1068	0.0126	0.0155	0.0731	0	0.0165	0	0.0833	0.0252
GSM1594996	0.0228	0	0	0	0	0.0057	0.0267	0	0	0.0049	0	0.1504	0	0.0191	0
GSM1594997	0.0828	0	0.0146	0	0.0052	0.0364	0.0586	0	0	0.0325	0	0.1031	0	0.0331	0
GSM1594998	0.05	0	0	0	0	0	0.0135	0	0	0.0201	0	0.0628	0	0.0216	0.0026
GSM1594999	0.1383	0.0198	0.0288	0	0.0289	0.0637	0.0636	0.0067	0.006	0.0585	0	0.0746	0	0.0601	0.0134
GSM1595000	0.0475	0	0	0	0	0.0614	0.0945	0.0234	0.0025	0.0181	0	0.0585	0	0.0117	2.00E-04
GSM1595001	0.1745	0.0264	0.0178	0.0094	0.0194	0.0805	0.1298	0	0.0043	0.0697	0	0.0654	0	0.054	0.0222
GSM1595002	0.0698	0.0195	0.0047	0.0053	0.031	0.0548	0.0618	0	0.001	0.0195	0	0.0614	0.0077	0.0304	0.002
GSM1595003	0.2214	0.0355	0.0239	0.0142	0.0232	0.0635	0.0785	0.0049	0.0042	0.0864	0	0.0175	0	0.0711	0.0324
GSM1595004	0.1145	0	0.0033	0	0	0.0082	0.0453	0	0	0.0479	0	0.0745	0	0.0381	0.0102
GSM1595005	0.0347	0.0153	0.0221	0.0095	0.0103	0.058	0.0794	0	0	0.0092	0	0.0561	0	0.0142	0
GSM1595006	0.1141	0	0	0	0	0	0.0135	0	0	0.0414	0	0.0313	0	0.045	0.0159
GSM1595007	0.0191	0	0	0	0	0.0198	0.0329	0	0	0.0069	0	0.0601	0	0.012	0.0015
GSM1595008	0.1294	0.0281	0.0142	2.00E-04	0.0392	0.1401	0.1222	0.0211	0.0132	0.0454	0	0.0421	0.001	0.0506	0.012
GSM1595009	0.1758	0.0287	0.0211	0.0052	0.025	0.072	0.0884	0	0.0065	0.0571	0	0.0026	0	0.0573	0.0285
GSM1595010	0.065	0.0068	0.0113	2.00E-04	0.0129	0.0561	0.0888	0	8.00E-04	0.0217	0	0.0482	0	0.0215	2.00E-04
GSM1595011	0.0948	0	0.0053	0	0.007	0.0749	0.0671	0	0.0032	0.0432	0	0.0273	0	0.0296	0.003
GSM1595012	0.0764	0.0262	0.0093	0.0071	0.0217	0.0809	0.11	0	0.0057	0.0288	0	0.0556	0	0.0337	0
GSM1595013	0.1266	0.007	0.0194	7.00E-04	0.0184	0.0443	0.0587	0	0	0.0346	0	0.1089	0	0.0439	0
GSM1595014	0.1939	0.0314	0.0019	0.013	0.0225	0.0587	0.0781	0	0.0025	0.0641	0	0.0513	0.0051	0.0615	0.0113
GSM1595015	0.0786	0.0134	0.0217	0.0059	0.0067	0.0558	0.0911	0	0.0038	0.0299	0	0.0551	0	0.0184	0.0036
GSM1595016	0.0813	0.0107	0.0219	0	0.0037	0.0666	0.086	0.0049	0.0037	0.0261	0	0.0419	0.0108	0.0315	0.002
GSM1595017	0.1166	0.0369	0.021	0.0055	0.0433	0.1338	0.1098	0.0218	0.0068	0.0361	0	0.0243	0	0.0414	0.0085
GSM1595018	0.0555	0.0487	0.0455	0.0164	0.0282	0.1147	0.1421	0.0115	0.0087	0.006	0	0.0214	0	0.02	0
GSM1595019	0.175	0.0119	0.0185	0.0131	0.0038	0.0369	0.063	0	4.00E-04	0.0532	0	0.0412	0	0.069	0.0275
GSM1595020	0.1682	0.0226	0.0197	0.0105	0.0225	0.0679	0.0838	0	0.0034	0.0441	0	0.0387	0	0.0537	0.0164
GSM1595021	0.1755	0.0042	0.0027	0.0019	0	0.0499	0.0822	4.00E-04	0	0.0536	0	0.025	0.0165	0.0721	0.0257
GSM1595022	0.2864	0.0446	0.0169	0.0206	0.0452	0.0571	0.0938	0	0.0053	0.0965	0	0.0143	0	0.1176	0.0276
GSM1595023	0.0513	0	0.0068	0	0.0059	0.0456	0.0519	0	0.0055	0.0255	0	0.0738	0.0096	0.0177	0
GSM1595024	0.192	0.0327	0.0387	0.0115	0.0245	0.0708	0.102	0.0042	0.0067	0.0562	2.00E-04	0.0472	0	0.061	0.0177
GSM1595025	0.0971	0.0132	0.0239	7.00E-04	0.0162	0.08	0.1061	0	1.00E-04	0.0325	0	0.0691	0	0.0333	0
GSM1595026	0.0076	0	0.0224	0	0	0.0283	0.0233	0	0	0.0012	0	0.0351	0	0.0119	0.0093
GSM1595027	0.0725	0	0.0131	0	0.002	0.0135	0.0417	0	0	0.0241	0	0.0883	0	0.0306	0
GSM1595028	0.149	0.0267	0.0242	0	0.0421	0.1493	0.1115	0.0131	0.0158	0.0492	0	0.0286	0	0.0603	0.0162
GSM1595029	0.1189	0.0129	0.0543	0	0.0091	0.0813	0.0884	0	0.009	0.0424	0	0.0407	0	0.0504	0.0095
GSM1595030	0.3059	0.0289	0.0207	0.0025	0.0291	0.0526	0.057	0	0.01	0.1051	0	0.0265	0	0.068	0.049
GSM1595031	0.0241	0	8.00E-04	0	0	0.031	0.0619	0	0.0018	0.0035	0	0.0719	0	0.0093	0
GSM1595032	0.1289	0.0329	0.0321	0.0094	0.0136	0.0681	0.073	0.0081	0.0049	0.0491	0	0.0383	0.0305	0.0328	0.0206
GSM1595033	0.0344	0	0	0	0	0	0.0128	0	0	0.0138	0	0.1451	0	0.0161	0
GSM1595034	0.131	0.0043	0	0	0	0.0447	0.0815	0.0154	0.0032	0.0442	0	0.032	0	0.0252	0.0097
GSM1595035	0.0975	0	0	0	0.0015	0	0.0105	0	0	0.0278	0	0.1161	0	0.0196	0.0033
GSM1595036	0.1226	0.0018	0.0174	0	0.0036	0.0259	0.0331	0	0	0.0445	0	0.0748	0	0.0413	0.0013
GSM1595037	0.11	0.0135	0.0267	0	0.0293	0.1054	0.1002	0	0.0061	0.0369	0	0.0429	0	0.0449	0.0099
GSM1595038	0.081	0.0102	0.0174	0	1.00E-04	0.0324	0.0375	0	0.0014	0.0375	0	0.0522	0.0143	0.035	0.0013
GSM1595039	0.0756	0.0255	0.0306	0	0.0212	0.0484	0.0452	0	0.0061	0.0288	0	0.0586	0	0.0224	0
GSM1595040	0.1846	0.0062	0.002	2.00E-04	0	0.0941	0.1092	0.0175	0.0029	0.0492	0	0.0082	0	0.0782	0.0203
GSM1595041	0.1387	0	0.0099	0	0.005	0.0237	0.0247	0	0.0045	0.0491	0	0.104	0	0.0429	0.011
GSM1595042	0.0972	0.018	0.0169	0.0024	0.0225	0.0646	0.0996	0.0076	0.0095	0.0269	0	0.013	0.0279	0.035	0.0114
GSM1595043	0.0321	0	0.0119	0	0.0084	0.0223	0.0289	0	8.00E-04	0.0147	0	0.0358	0	0.0087	0
GSM1595044	0.0814	0.0094	0.0133	0	0.0207	0.0577	0.0645	4.00E-04	0.0068	0.0172	0	0.0515	0	0.0285	0
GSM1595045	0.035	0	0.0163	0	0	0.0313	0.0653	0	0.0015	0.017	0	0.0924	0.0017	0.0085	0
GSM1595046	0.1208	0.033	0.0203	0	0.0519	0.0829	0.0556	0.003	0.0044	0.0425	0	0.0816	0	0.0531	0.0088
GSM1595047	0	0	0	0	0	0	0.0234	0	0	0	0	0.0215	0	0.0151	0
GSM1595048	0.054	0	0.0112	0	0.0141	0.0555	0.0548	0	0.0048	0.0143	0	0.1227	0	0.0197	0
GSM1595049	0.0809	0.0192	0.0498	0	0.0132	0.1084	0.1118	0	0.01	0.0199	0	0.0112	0	0.0262	0.0027
GSM1595050	0.081	0.0111	0.01	0	0.0254	0.0338	0.0499	0	0.001	0.0267	0	0.0606	0	0.0263	0.0084
GSM1595051	0.0408	0.002	0.0049	0	0	0.0321	0.0493	0	0.001	0.0154	0	0.1224	0	0.008	0
GSM1595052	0.1972	0.0509	0.0053	0.0186	0.0731	0.1307	0.1183	0.0242	0.0158	0.0646	0	0.0237	0	0.0783	0.0254
GSM1595053	0.1986	0.0191	0.0303	0	0.0265	0.0625	0.05	0.0057	0.0101	0.0659	0	0.027	0	0.0862	0.0297
GSM1595054	0.1814	0	0	0	0	0	0.0138	0	0	0.0647	0	0.1143	0	0.0638	0.0206
GSM1595055	0.0808	0.0019	0.0231	0	0.0171	0.0969	0.0752	0.0158	0.0052	0.0236	0	0.0873	0.0092	0.0259	0
GSM1595056	0.0474	0.0081	0.0223	0	0.0202	0.0447	0.0685	0	0.0072	0.0185	0	0.0509	0	0.0108	0.0014
GSM1595057	0.041	0.0107	0.0036	0	0.0342	0.0638	0.0723	0.0024	0.0057	0.0167	0	0.0405	0	0.0127	0.0032
GSM1595058	0.151	3.00E-04	0.0171	0	0.0077	0.0336	0.0328	0	0.0025	0.0554	0	0.0655	0	0.0566	0.0181
GSM1595059	0.1784	0.0112	0.0289	0	0.0191	0.0349	0.0225	0	0.0037	0.056	0	0.0481	0	0.0759	0.0254
GSM1595060	0.1192	0	0.0087	0	0	0.0585	0.0824	0.0065	0.0066	0.0414	0	0.0227	0.0175	0.0388	0.0281
GSM1595061	0.0632	0	0.0166	0	0	0.034	0.0372	0	9.00E-04	0.0108	0	0.0431	0	0.0198	0.0194
GSM1595062	0.0313	0	0	0	0.0086	0.0195	0.0354	0	0.003	0.0063	0	0.0792	0	0.0048	0
GSM1595063	0.0381	0	0	0	0.0123	0.0247	0.0383	0	0	0.0128	0	0.162	0	0.0118	0
GSM1595064	0.0058	0	0	0	0.0076	0.0101	0.013	0	0	0	0	0.0344	0	0.0063	0.0151
GSM1595065	0.159	0.0403	0.046	0.0013	0.0365	0.0551	0.0629	0.0039	0.0075	0.0553	0	0.0441	0	0.0466	0.0169
GSM1595066	0.235	0.023	0.0293	0.0078	0.0047	0.0401	0.0589	0	0.0049	0.074	0	0.023	0	0.0853	0.0441
GSM1595067	0	0	0	0	0	0	0	0	0	0	0	0.0785	0	0.0108	0.005
GSM1595068	0.0783	0.0059	0.0207	0	0	0.0267	0.0429	0	3.00E-04	0.0257	0	0.0653	0	0.0266	0.016
GSM1595069	0.1108	0.0179	0.012	0	0.0215	0.1053	0.1007	0.0422	0.0086	0.0378	0	0.0224	0	0.0396	0.0198
GSM1595070	0.1668	0.0319	0.0246	0.0095	0.0367	0.0662	0.0651	0	0.002	0.0514	0	0.041	0	0.055	0.0147
GSM1595071	0.13	0.0318	0.0186	0.0065	0.0277	0.0881	0.1229	0.009	0.0091	0.0392	0	0.0237	0	0.0368	0.0148
GSM1595072	0.1623	0.0212	0.0342	0.0023	0.0189	0.0849	0.0803	0.0123	0.0061	0.0469	0	0.0079	0	0.0677	0.0237
GSM1595073	0.0253	0	0.0132	0	0.005	0.02	0.0348	0	0.0022	0.0071	0	0.0911	0	0.014	0
GSM1595074	0.0868	0.0029	0.0145	0	0.0067	0.0582	0.0777	0.002	0.002	0.0244	0	0.029	0.027	0.0346	0.0168
GSM1595075	0.1167	0.0045	0.0075	0	0.0062	0.0554	0.0614	0	3.00E-04	0.0408	0	0.1135	0	0.036	0
GSM1595076	0.2527	0	0	0	0	0.0386	0.0581	0	0.0022	0.072	0	0.0312	0	0.095	0.0448
GSM1595077	0.1091	0.0069	0.0254	0	0.01	0.0843	0.0957	0	0.0072	0.0212	0	0.0383	0	0.0529	0.0072
GSM1595078	0.0379	8.00E-04	0	0	0	0.0489	0.0863	0	0	0.0226	0	0.0274	0	0.0059	0.0032
GSM1595079	0.0202	0	0	0	0	0.0666	0.0746	1.00E-04	8.00E-04	0.0019	0	0.0687	3.00E-04	0.0143	5.00E-04
GSM1595080	0.0059	0	0	0	0	0.0054	0.0038	0	0	0	0	0.0625	0	0.0083	0
GSM1595081	0.0491	0	0.004	0	0.0128	0.05	0.0531	0	0	0.0176	0	0.0593	0	0.006	0
GSM1595082	0.1332	0.0154	0.0311	0	0.0065	0.1138	0.1089	0.0209	0.0085	0.0352	0	0.0607	0	0.0497	0.0078
GSM1595083	0.0731	0.0055	0.0087	0	0.0146	0.1047	0.1141	0.0073	0.0122	0.0207	0	0.0735	0	0.0199	0.0017
GSM1595084	0.0524	0	0	0	0	0.002	0.0421	0	0	0.0186	0	0.087	0	0.0104	0
GSM1595085	0.0835	0.0169	0.0241	0.001	0.0247	0.0694	0.0682	0.0286	0.0036	0.0351	0	0.051	0	0.0271	0.0158
GSM1595086	0.0813	0.0414	0.0225	0.0056	0.0446	0.1429	0.1191	0.02	0.0143	0.0256	0	0.0277	0	0.0362	0.0014
GSM1595087	0.1614	0.0326	0.0355	0	0.0377	0.1465	0.1108	0.0196	0.0183	0.0553	0	0.0278	0	0.0698	0.0197
GSM1595088	0.1394	0.0362	0.0504	0.0104	0.0302	0.1188	0.1237	0.0054	0.0059	0.0429	0	0.0778	0	0.034	0.0076
GSM1595089	0.0556	0	0	0	0	0	0.0434	0	0	0.0203	0	0.097	0	0.0215	0
GSM1595090	0.0474	0	0	0	0.0045	0.0746	0.0802	0.0229	0	0.0116	0	0.1009	0	0.0133	0
GSM1595091	0.0819	0.0131	0	0.0054	0.0056	0.063	0.0882	0.0134	0.0018	0.0311	0	0.0263	0	0.0164	0.0128
GSM1595092	0.2234	0.0432	0.0267	0.0062	0.0462	0.1101	0.1047	0.0128	0.0087	0.0756	0	0.0322	0	0.086	0.0236
GSM1595093	0.0883	0.0045	0.0087	0.0012	0.0114	0.0434	0.063	0	0.002	0.0275	0	0.0533	0	0.0245	0.0074
GSM1595094	0.193	0.0331	0.0309	0.0059	0.0295	0.048	0.0576	0	0.0029	0.0631	0	0.0451	0	0.0718	0.0248
GSM1595095	0.1024	0.0085	0.0099	0	0.0215	0.0115	0.0191	0	0	0.0329	0	0.0722	0	0.0366	0.0082
GSM1595096	0.0339	0	0.0119	0	0.0019	0.0335	0.0538	0	2.00E-04	0.0184	0	0.0798	0	0.0107	0
GSM1595097	0.0909	0	0.0105	0	0.0122	0.0614	0.0639	0	3.00E-04	0.0304	0	0.071	0	0.0373	0.0041
GSM1595098	0.0249	0	0	0	0	0.0139	0.0329	0	0	0.0107	0	0.0999	0	0.0146	0
GSM1595099	0.1515	0	0.0219	0	0.0112	0.0547	0.0544	0	0.001	0.0501	0	0.1034	0	0.0567	0.0133
GSM1595100	0.0599	0	0.0161	0	0	0.029	0.0402	0	0.0033	0.0254	0	0.0427	0	0.0163	0.0064
GSM1595101	0.0278	0.0188	0.0207	0	0.018	0.0801	0.0842	0.0022	0.0112	0.0025	0	0.0413	0.011	0.0103	0
GSM1595102	0.1654	0.0181	0.0336	0.0088	0.0167	0.0437	0.0695	0.004	0.0018	0.0574	0	0.0344	0.0091	0.0705	0.0215
GSM1595103	0.1091	0.0104	0.043	0	0.0037	0.0851	0.0908	0.0092	0.0034	0.0366	0	0.0345	0	0.0278	0.0124
GSM1595104	0.0726	0.0163	0.0289	0	0.012	0.0839	0.0737	0.0035	0.0081	0.0296	0	0.0334	0	0.0245	0
GSM1595105	0.1031	0.0319	0.0262	0.0059	0.0288	0.072	0.0689	0	0.0038	0.0322	0	0.0152	0.0064	0.0375	0.0148
GSM1595106	0.1747	0.026	0.0339	0.0061	0.0279	0.0962	0.0887	0.014	0.0073	0.0586	0.0024	0.0529	0	0.0794	0.0059
GSM1595107	0.0523	0	0	0	0.0055	0.0485	0.0595	0.0088	4.00E-04	0.0184	0	0.0711	0	0.0155	0.0037
GSM1595108	0.1068	0.013	0.0035	0.0065	0.0047	0.082	0.1233	0.0122	0.003	0.0304	0.0028	0.0508	0	0.0269	0.0081
GSM1595109	0.0628	0	0	0	0	0.0128	0.0471	0	0.0033	0.0248	0	0.0325	0	0.0232	0.0088
GSM1595110	0.1131	0.017	0.0332	0	0.009	0.0746	0.0767	0.0135	0.0049	0.0383	0	0.0657	0	0.0335	0.0115
GSM1595111	0.1144	0.0215	0.0046	0	0.0378	0.0968	0.0824	0.0124	0.005	0.0509	0	0.0342	0	0.0531	0.0113
GSM1595112	0.0724	0.02	0.0174	0.0102	0.0096	0.0676	0.0709	0	0.0045	0.0282	0	0.0563	0.0079	0.0345	0.0057
GSM1595113	0.1591	0	0	0	0.0036	0.1316	0.1273	0.0285	0.01	0.0617	0	0.0716	0.0033	0.066	0.0095
GSM1595114	0.1219	0.0056	0.0065	0	0.0098	0.0847	0.0663	0.0012	0.0058	0.0366	0	0.039	0	0.0396	0.0084
GSM1595115	0.074	0	0.0039	0	0.0115	0.0343	0.038	0	0	0.024	0	0.1107	0	0.029	0
GSM1595116	0.0799	0.0017	0.0154	0	0.0088	0.0447	0.0613	0	6.00E-04	0.0235	0	0.0677	0	0.0265	0.0058
GSM1595117	0.0928	0.0103	0.0182	4.00E-04	2.00E-04	0.0827	0.0944	0.0169	0.0035	0.0296	0	0.0423	0	0.0318	0.0145
GSM1595118	0.1007	0	0	0	0	0	0.0063	0	0	0.0349	0	0.0512	0	0.036	0.0146
GSM1595119	0.0877	0.0159	0.0367	0.003	0.0202	0.0583	0.0711	0	0.0067	0.0311	0	0.0745	0	0.0214	0
GSM1595120	0.1667	0.0111	0.0093	0	0.0325	0.0466	0.0401	0	0.0043	0.0568	0	0.0413	0	0.0613	0.0155
GSM1595121	0.1546	0.0143	0.0101	0	0.0287	0.1243	0.0814	0.0032	0.0132	0.0564	0	0.0766	0	0.0623	0.0025
GSM1595122	0.1502	0.0064	0.039	0	0	0.048	0.0729	0	0.0026	0.0607	0	0.0479	0	0.054	0.0102
GSM1595123	0.1759	0.0203	0.0365	0	0.0066	0.0735	0.0902	0.0023	0.0141	0.053	0	0.0472	0	0.0553	0.0251
GSM1595124	0.0274	0	0	0	0	0.0037	0.0198	0	0	0.002	0	0.1242	0	0.0119	0
GSM1595125	0.1218	0	0.0214	0	0.0023	0.062	0.0633	0	0.0078	0.0367	0	0.0525	0	0.0542	0.0226
GSM1595126	0.048	0	2.00E-04	0	0	1.00E-04	0.0166	0	0	0.0185	0	0.0971	0	0.0228	0.0114
GSM1595127	0.2023	0.0038	0	0	0.0118	0.092	0.0907	0.0267	0.0103	0.0655	0	0.0559	0	0.0825	0.0215
GSM1595128	0.107	0	0	0	0.0047	0.0172	0.0352	0	0	0.0327	0	0.0952	0	0.0231	0.0108
GSM1595129	0.209	0.0109	0.0134	0	0.0174	0.0444	0.0395	0.016	0.0079	0.0638	0	0.0411	0	0.0904	0.0357
GSM1595130	0.1168	0.015	4.00E-04	0	0.007	0.0843	0.0857	0.0338	0.001	0.037	2.00E-04	0.0084	0.003	0.0416	0.0237
GSM1595131	0.0411	0	0.01	0	0.0025	0.0535	0.0644	0	0.0056	0.0091	0	0.1263	0	0.0118	0
GSM1595132	0.2018	0.0206	0.0274	0.0105	0.0179	0.0617	0.0842	0.008	0.0046	0.0569	0	0.0565	0	0.0438	0.0176
GSM1595133	0.1898	0.0613	0.015	0.0191	0.0464	0.1106	0.1193	0.0165	0.0156	0.0602	0	0.0074	0	0.0775	0.0263
GSM1595134	0.0811	0	0.0034	0	0	0.0292	0.0585	0.0023	0.0051	0.0309	0	0.034	0	0.0292	0.0072
GSM1595135	0.0944	0	0	0	1.00E-04	0.0148	0.0204	0	0.0023	0.0436	0	0.1014	0	0.0273	0.01
GSM1595136	0.1882	0.0321	0.0219	0.0074	0.0349	0.0868	0.0904	0.016	0.0072	0.0764	0	0.0231	0	0.0745	0.018
GSM1595137	0.0475	0	0.0014	0	0.0022	0.012	0.0168	0	0	0.016	0	0.0972	0	0.0121	0
GSM1595138	0.0299	0	0	0	0	0	0.0206	0	0	0.0077	0	0.0586	0	0.0075	0.0084
GSM1595139	0.0714	0	0.0078	0	0	0.0683	0.0771	0.0037	0.0032	0.0219	0	0.1124	0	0.0211	0.0101
GSM1595140	0.0664	0.006	0.0192	0	0.0058	0.0323	0.049	0	0.0011	0.0288	0	0.0922	0	0.0198	0
GSM1595141	0.0511	0.0202	0.0259	0	0.0135	0.0889	0.1	0.008	0.0042	0.01	0	0.0433	0	0.0099	8.00E-04
GSM1595142	0.2458	0.0415	0.0339	0	0.0545	0.1016	0.1118	0.0241	0.0119	0.0886	0	0.0399	0.0022	0.079	0.0303
GSM1595143	0.0136	0	0	0	0	0.0184	0.0549	0	0	0.0029	0	0.0592	0	0.0036	0.0116
GSM1595144	0.0574	0.0021	0.0101	0	0.013	0.0524	0.0709	0	0.0088	0.0121	0	0.1065	0	0.0151	0
GSM1595145	0.1605	0.0448	0	0.0194	0.0384	0.1072	0.1192	0.0017	0.0126	0.0362	0	0.018	0	0.0632	0.0054
GSM1595146	0	0	0	0	0	0.0937	0.1193	0.016	0.0139	0	0	0.0628	0.0955	0	0.009
GSM1595147	0.0387	0.0132	0.0074	0	0.0147	0.0523	0.0547	0	0.004	0.0105	0	0.0587	0.0059	0.0061	0.009
GSM1595148	0	0	0	0	0	0	0	0	0	0	0	0.1107	0	0.0028	0
GSM1595149	0.1569	0.0792	0.0496	0.0337	0.0525	0.1348	0.1517	0.0275	0.0084	0.0344	0	0.0028	0.0637	0.0424	0.016
GSM1595150	0.1364	0.0075	0.0043	0.0028	0.0174	0.0473	0.0456	0	0.0034	0.0408	0	0.034	0.0483	0.063	0.0131
GSM1595151	0.2052	0.0401	0.0048	0.0217	0.0244	0.0558	0.0696	0	0.0036	0.0586	0	0.0301	0.0212	0.0723	0.0455
GSM1595152	0.0637	0.0307	0.0189	0.0069	0.0395	0.0697	0.0836	5.00E-04	0.0018	0.0108	0.001	0.0162	0.0214	0.0409	0
GSM1595153	0.0947	1.00E-04	0.0026	4.00E-04	0	0.0171	0.0323	0	0	0.0232	0	0.0203	0.0014	0.0162	0.018
GSM1595154	0.2334	0.0626	0.0443	0.0326	0.0538	0.0935	0.0953	0	0.0089	0.0655	0	0.0091	0.0031	0.078	0.0224
GSM1595155	0.0945	0.0236	0.0097	0	0.0375	0.0943	0.0939	0.0159	0.0019	0.0314	0	0.0547	0.011	0.0169	0.0249
GSM1595156	0.1201	0.0048	0.0199	0.0051	0.0017	0.0524	0.0636	0	7.00E-04	0.0238	0	0.0221	0.0537	0.03	0.0107
GSM1595157	0.1409	0.0662	0.0129	0.0346	0.05	0.1471	0.1724	0.0355	0.0101	0.0391	9.00E-04	0	0.0909	0.0333	0.0123
GSM1595158	0.0867	0	0	0	0	0	0.0122	0	1.00E-04	0.0216	0	0.0269	0.0048	0.0209	0.0247
GSM1595159	0.107	0.0395	0.0295	0.0211	0.031	0.0963	0.1168	0	0.0081	0.0275	0	0.007	0.0534	0.0483	0.0058
GSM1595160	0.2223	0.0067	0.0087	0.0021	0.0077	0.0824	0.105	0.0045	0.0017	0.0612	0	0.0315	0.0021	0.084	0.0413
GSM1595161	0.13	0	0	0	0	0.0064	0.0386	0	0	0.0469	0	0.0688	0.0326	0.0502	0.0533
GSM1595162	0.1299	0	0	0	0	0.0193	0.0576	0	0.001	0.036	0	0.0944	0.0029	0.0337	0.0076
GSM1595163	0.2545	0	0.0094	0	0	0.0097	0.0382	0	0	0.0737	0	0.0598	0.0228	0.0802	0.0462
GSM1595164	0.1142	0	0.0045	0	0.0142	0.0123	0.0049	0	0	0.0412	0	0.0659	0	0.0362	0.0239
GSM1595165	0.1673	0.0175	0.0027	0.0083	0.0158	0.0421	0.0724	0	0.0042	0.0442	0	0.0339	0.0648	0.051	0.0339
GSM1595166	0.0837	0.0386	0.0381	0.0209	0.0307	0.0884	0.1044	0	0.0114	0.0224	0	0.0204	0.0184	0.0428	0.0079
GSM1595167	0.0816	0.0063	0.0158	0.0025	0	0.0166	0.0562	0	1.00E-04	0.0186	0	0.0387	0.1471	0.0026	0.0197
GSM1595168	0.0335	0	0.0168	0	0.0059	0.0339	0.0274	0	5.00E-04	0	0	0.0543	0	0.032	0
GSM1595169	0.1149	0	0	0	0.0107	0	0.0078	0	0	0.0301	0	0.1097	0	0.033	0.0101
GSM1595170	0.0115	0	0	0	0	0.0185	0.0674	0	0.0043	0	0	0.0941	0.0344	0	0
GSM1595171	0.017	0	0	0	0.0227	0.082	0.0793	0	0.0026	0	0	0.0613	0.0017	0.0066	0
GSM1595172	0	0	0	0	0	0.0528	0.0692	0.0184	0.0085	0	0	0.0344	0	0.0037	0
GSM1595173	0.1112	0.0026	0	0	0.0087	0.0804	0.0972	0	0.0052	0.0229	0	0.0181	0.0523	0.0453	0.0273
GSM1595174	0	0	0	0	0	0.0174	0.0337	0	0	0	0	0.0803	0	0	0
GSM1595175	0.176	0.0091	0.0175	0	0.0059	0.0248	0.0468	0	0	0.0511	0	0.067	0.0527	0.0552	0.0181
GSM1595176	0.196	0.0505	0.0263	0.0233	0.0326	0.0546	0.0891	0	0.0044	0.0486	0	0.0352	0.0221	0.0655	0.0233
GSM1595177	0.0981	0	0	0	0	0	0	0	0	0.0224	0	0.0811	0	0.0453	0.0166
GSM1595178	0	0.0089	0.0137	0	0.0225	0.1378	0.1313	0.0185	0.0136	0	0	0.0467	0.0619	0	0
GSM1595179	0.1602	0.0437	0.0283	0.0197	0.0394	0.0926	0.1138	0	0.0103	0.0462	0	0.0175	0.0206	0.0578	0.0023
GSM1595180	0.0032	0	0	0	0	0	0	0	0	0.0098	0	0.1208	0	0.0039	0.004
GSM1595181	0.1152	0.0131	0	0.0027	0.0213	0.0612	0.0863	0.0025	0.0045	0.0292	0	0.0552	0.0716	0.0252	0.002
GSM1595182	0.1133	0	0	0	0	0.0038	0.0235	0	0	0.0304	0	0.0468	0.0721	0.0443	0.0259
GSM1595183	0.0618	0	0	0	0	0.0027	0.0283	0	0.0017	0.0107	0	0.1462	0.0736	0.0226	0.032
GSM1595184	0.0161	0.0097	0	0	0.0178	0.1254	0.1385	0.0299	0.0109	0	0	0.0472	0.0865	0.004	9.00E-04
GSM1595185	0.2629	0.0239	0.0094	0.0231	0.0035	0.0979	0.1353	0.039	0.0175	0.0791	0	0.0215	0.1257	0.0733	0.0267
GSM1595186	0.0266	0	0	0	0	0	0	0	0	3.00E-04	0	0.1231	0	0.0154	0.001
GSM1595187	0.1078	0.0403	0.0229	0.0159	0.0297	0.1613	0.1554	0.0182	0.0132	0.028	0	0.029	0.0279	0.054	0.0046
GSM1595188	0.0584	0	0.0027	0	0.0056	0.0805	0.0609	0	0.015	0.0184	0	0.0484	0	0.0264	0.0051
GSM1595189	0.2247	0.0267	0.0258	0.0103	0.0161	0.0416	0.0562	0	0.0041	0.0652	0	0.0196	0.0226	0.0767	0.0495
GSM1595190	0.2553	0.0342	0.0107	0.019	0.0227	0.0613	0.1063	0	0.0035	0.0713	0	0.0289	0.0757	0.0784	0.0442
GSM1595191	0.0763	0	0.0038	0	0.0107	0.0086	0	0	0	0.0142	0	0.1081	0.0177	0.0281	0.018
GSM1595192	0.0638	0.0098	0.0138	0	0.0133	0.0518	0.0589	0	0.0036	0.0045	0	0.0525	0.0083	0.039	0.0052
GSM1595193	0.1729	0	0.0099	0	0.0041	0.009	0.017	0	0	0.0632	0	0.0798	0	0.0402	0.0264
GSM1595194	0.2204	0.0299	0.0175	0	0.0134	0.0998	0.1081	0.0175	0.0192	0.0845	0	0.0069	0	0.0424	0.0337
GSM1595195	0.14	0	0	0	4.00E-04	0.0611	0.0728	0.0088	0.0099	0.0496	0	0.0393	0.0056	0.0547	0.0244
GSM1595196	0.1403	0	0	0.0018	0.0049	0.0326	0.0608	0	0	0.0375	0	0.0587	0.0397	0.044	0.0217
GSM1595197	0.1242	0.0191	0.0122	0	0.0231	0.0821	0.128	0.0113	0.0039	0.0422	0	0.0731	0.0512	0.0436	0.0179
GSM1595198	0.2002	0.0574	0.0763	0.0294	0.0338	0.0658	0.095	0	0.0078	0.0554	0	0.0099	0.0481	0.0571	0.0381
GSM1595199	0.2346	0.012	0	0	0.0016	0.1024	0.0975	0.0272	0.0085	0.0739	0	0.0061	0.0756	0.0874	0.0355
GSM1595200	0.0063	0	0	0	0	0.0038	0.0183	0	0	0	0	0.1107	0.0227	0	0
GSM1595201	0.1319	0.023	0.0206	0.0195	0.0103	0.0502	0.0796	0	0.0037	0.034	0	0.0499	0	0.06	0.0159
GSM1595202	0.128	0	0	0	0	0	0.004	0	0	0.0415	0	0.1141	0.0292	0.0391	0
GSM1595203	0.1505	0.0242	0.0224	0.0091	0.0374	0.0738	0.088	0	0.0025	0.0562	0	0.0854	0	0.0628	0.0062
GSM1595204	0	0	0	0	0	0	0.0139	0	0	0	0	0.0519	0.0561	0	0.0035
GSM1595205	0.0072	2.00E-04	0	0	0.0045	0.1131	0.1067	0.0212	0.0053	0	0	0.0478	0.1106	0	0
GSM1595206	0	0	0	0	0	0	0	0	0	0	0	0.1616	0	0.0019	0
GSM1595207	0.129	0	0.0088	0	0.0054	0	0.0138	0	0	0.051	0	0.031	0	0.0379	0.0213
GSM1595208	0.0807	0	0.0179	0	0.0029	0.0185	0.0273	0	0	0.0175	0	0.057	0	0.0296	0.0151
GSM1595209	0.051	0.029	0.0284	0.0069	0.0234	0.094	0.1055	0.0208	0.004	0.0081	0.0093	0.028	0.0103	0.0254	0
GSM1595210	0.0059	0	0.0061	0	0	0.0084	0.0161	0	0	0	0	0.0527	0	0.0126	0
GSM1595211	0.1473	0.0288	0	0.0088	0.0262	0.0673	0.0889	0	0.0072	0.0378	0	0.0576	0	0.056	8.00E-04
GSM1595212	0	0.0401	0.0291	0.0153	0.0385	0.108	0.1092	0.0174	0.0021	0	0.0024	0.0166	0.0349	0	0
GSM1595213	0.0139	0	0.0137	0	0	0	0.0013	0	0	0	0	0.0928	0	0.0062	0
GSM1595214	0.1292	0	0	0	0	0.0342	0.0444	0.017	0	0.0283	0	0.0693	0.0128	0.0558	0.0132
GSM1595215	0.2017	0.0473	0.032	0.02	0.0361	0.0644	0.074	0	0.0066	0.0459	0	0.0192	0.024	0.0468	0.0518
GSM1595216	0.07	0	0	0	0	0	0.006	0	0	0.0249	0	0.1139	0.0213	0.0014	7.00E-04
GSM1595217	0.1308	0	0	0	0	0	0.0351	0	0	0.031	0	0.0155	0.0851	0.0109	0.0424
GSM1595218	0.1377	0.0113	0.0258	0.0085	0	0.0384	0.0708	0	0.0031	0.0321	0	0.0297	0.0589	0.0036	0.0212
GSM1595219	0.1879	0.0234	0.0124	0.0107	0.0189	0.0605	0.0873	0	0.0088	0.0687	0	0.0114	0.031	0.0638	0.0328
GSM1595220	0.1495	0.0189	0.0019	0.0101	0.0153	0.0661	0.0941	0.0056	0.0025	0.0474	0	0.0467	0.0532	0.0306	0.0225
GSM1595221	0.1009	0	0	0	0	0	0.0338	0	0	0.0282	0	0.089	0.0711	0.0013	0.0182
GSM1595222	0	0	0	0	0	0	0.0052	0	0	0	0	0.1036	0.0028	7.00E-04	0
