id	EIF2AK2	IFI44	IFI44L	IFIT3	IFITM3	PARP9	PRIC285	TRIM22	XAF1	ZBP1	group
GSM1863732	3.06	6.63	1.61	28.7	23.2	12.1	7.99	64.6	15	13	0
GSM1863741	3.04	10.7	4.02	43	34.1	13.3	8.77	63.8	18	14.1	0
GSM1863742	1.87	8.52	2.01	22.2	38	9.3	6.13	58.4	21.9	8.77	0
GSM1863743	6.73	15.1	5.53	111	391	35.7	15.2	110	25.4	20.6	0
GSM1863744	2.46	5.89	1.71	30.4	71.6	12.8	10.1	44	11.8	12.4	0
GSM1863745	4.98	7.56	2.92	67.2	69.2	18.5	12.6	75.7	20.3	18.3	0
GSM1863746	3.18	7.3	2.3	53.1	25.3	18.2	10.9	57.5	13.6	16.7	0
GSM1863747	3.11	4.02	1.2	32	25.4	15.6	9.55	52.2	8.8	13.2	0
GSM1863748	4.69	6.21	1.77	72.6	137	30.3	8.74	84.2	14.6	21.4	0
GSM1863749	4.4	34.6	9.17	119	183	25.3	16.8	148	28.6	28.2	0
GSM1863733	3.09	7.99	2.19	24.1	70.7	11.1	7.09	62.3	12.2	10.4	0
GSM1863734	5.33	5.52	1.51	31.7	108	15.9	9.12	60.1	13.8	14.8	0
GSM1863735	2.93	3.52	0.969	36.1	85.1	14.5	12.5	55.8	10.8	16.9	0
GSM1863736	3.5	3.63	1.16	29.5	35.5	12	10.5	45.2	8.87	11.9	0
GSM1863737	5.23	12.6	5.29	90.2	288	23.5	14.2	87	24.5	21.3	0
GSM1863738	3.93	6.79	2.1	61	31.8	23.9	10	87.2	16.2	18.8	0
GSM1863739	2.81	6.12	1.77	29.8	70.7	12.6	6.06	60.1	13	11.3	0
GSM1863740	3.18	8.9	2.8	36	45.1	12.2	5.31	62.2	17	10.1	0
GSM1863633	23.3	236	108	619	978	54.1	46.4	249	138	73.4	1
GSM1863642	3.54	14.2	3.38	31.3	91.2	17.3	8.79	66.8	16.5	12.3	1
GSM1863643	2.3	9.32	2.25	31.8	61.4	11.7	8.73	67.7	19	15.7	1
GSM1863644	2.73	7.23	1.66	35.2	85.6	13.8	9.56	59.6	10.5	14.2	1
GSM1863645	2.89	6.93	2.01	73.8	231	20.9	12.6	71.6	20.6	22.5	1
GSM1863646	2.33	6.37	0.887	32.9	75.5	16.3	9.85	47.5	12.3	15.1	1
GSM1863647	2.72	5.21	1.56	39.6	33.9	16	11.6	63	14.9	16	1
GSM1863648	2.59	5.95	1.8	27.9	46	9.73	9.42	62.1	12.6	16.2	1
GSM1863649	3.33	4.35	0.747	56	42.5	24.7	9.86	65.4	10	17.4	1
GSM1863650	5.86	2.28	0.493	30.4	328	19.7	14.6	47.2	7.42	20.4	1
GSM1863651	2.67	19	4.49	74.5	155	23.9	20.8	125	29.2	30.6	1
GSM1863634	32.7	499	189	865	966	74.9	48	352	179	112	1
GSM1863652	3.73	10.9	5.2	41.9	191	14.5	13.4	70.6	23.5	15.1	1
GSM1863653	4.41	7.32	2.7	54.2	451	17.4	8.54	47.5	18.4	22.2	1
GSM1863654	6.67	5.92	1.17	63.6	34.5	22	13.4	71.9	12.3	19.6	1
GSM1863655	4.26	18.4	5.54	47	74.4	13.6	11.4	86.9	19	15	1
GSM1863656	5.93	14.3	3.08	65.4	37.4	22.9	14.8	103	18	23	1
GSM1863657	4.4	10.6	2.85	51.4	64.8	22.4	14.2	83.5	15.3	16.3	1
GSM1863658	4.35	5.04	0.569	22.2	82	25	10.9	107	7.32	10.8	1
GSM1863659	10.8	11.3	3.62	133	405	45.4	20.3	206	16.3	33.2	1
GSM1863660	4.47	31.7	11.9	50.2	92.5	12.2	4.4	90.6	26.3	11.9	1
GSM1863661	9.82	58.9	26.6	214	135	30.3	19.4	149	45.2	22.9	1
GSM1863635	6.09	11.2	4.2	97.5	248	27.2	17.5	99	29.2	22.5	1
GSM1863662	14.9	145	73.4	249	346	33	30.5	189	82.9	45.5	1
GSM1863663	20	181	113	420	475	44.2	25.6	196	113	46.3	1
GSM1863664	19.5	303	143	611	736	50.6	44.6	299	110	78.5	1
GSM1863665	27.4	337	152	861	2700	64.7	35.9	244	146	143	1
GSM1863666	23.5	166	68.3	796	1320	84.9	54.3	435	107	107	1
GSM1863667	63	734	351	957	749	142	68	687	204	111	1
GSM1863668	17.4	234	126	365	345	46.7	31.9	267	121	51	1
GSM1863669	17.5	208	130	183	295	30	21.5	193	89.7	27.6	1
GSM1863670	13.9	75.5	33.7	320	130	37.1	27.3	136	73.8	44.7	1
GSM1863671	14.2	91.3	36.2	377	424	43.8	29.1	189	67	54	1
GSM1863636	13.5	35.3	12	132	202	29.1	31.9	233	21.4	25.1	1
GSM1863672	75.9	523	273	1390	447	118	76.7	738	229	139	1
GSM1863673	65.1	492	252	1170	526	105	97.3	495	264	169	1
GSM1863674	27.5	421	212	454	454	59.2	34.2	304	158	63.6	1
GSM1863675	20.4	141	82.6	330	643	43.3	41.6	212	103	68.2	1
GSM1863676	17.5	302	149	390	435	43.2	23.2	241	127	51.7	1
GSM1863677	26.4	257	122	504	485	68.7	43.6	339	132	64.6	1
GSM1863678	35.1	352	206	619	1140	64.3	47.4	366	185	96.9	1
GSM1863679	19.8	147	79.9	273	484	37.9	24.5	227	82.7	40.5	1
GSM1863680	12.7	135	79.6	302	341	30.4	27.8	172	86.5	39.4	1
GSM1863681	17.8	297	148	378	712	48.5	23.9	242	155	59.9	1
GSM1863637	10.6	6.09	1.94	86.5	327	36.3	28.4	130	13.7	40.4	1
GSM1863682	32.8	284	149	1020	1890	72.4	61.1	296	193	146	1
GSM1863683	18.1	160	76.4	449	525	38.2	50.2	193	94.1	72.6	1
GSM1863684	18.7	276	133	536	867	49.5	42	263	160	73.4	1
GSM1863685	53.9	291	153	747	1280	85.9	109	414	211	212	1
GSM1863686	54.8	474	245	1270	859	95.4	185	554	235	217	1
GSM1863687	13.2	71.5	28.8	285	140	33.5	15.8	131	59	35.2	1
GSM1863688	18.8	141	65.4	478	611	42.4	25.3	189	72.4	50.6	1
GSM1863689	19.4	183	102	464	555	40.1	30.9	174	107	51	1
GSM1863690	9.7	73.5	48.3	190	340	29.7	17.9	135	66.3	40.7	1
GSM1863691	31.1	199	104	525	742	51	36.1	274	89.9	49.2	1
GSM1863638	6.39	7.56	1.43	34.4	313	26.5	13.4	122	9.68	17.6	1
GSM1863692	87.7	462	254	1410	1180	122	44.5	625	310	135	1
GSM1863693	38.5	291	134	800	282	74.1	62.5	375	174	103	1
GSM1863694	41.3	365	179	842	378	86.1	82.2	371	170	128	1
GSM1863695	27.5	269	132	628	711	51.8	37.7	302	115	65.9	1
GSM1863696	38.3	220	113	613	960	67.8	59.7	280	156	98.4	1
GSM1863697	19.5	206	79.9	291	419	40.4	25.6	272	76.1	44.5	1
GSM1863698	33.8	400	186	858	897	95.9	27.8	487	156	105	1
GSM1863699	24.7	238	120	364	274	50.8	12.6	306	102	39.7	1
GSM1863700	27.5	234	146	451	505	53.2	35.7	254	144	60	1
GSM1863701	58.3	354	214	1020	1450	83.4	62	414	198	120	1
GSM1863639	5.64	40.4	13.3	114	265	28.4	10.2	174	44.9	28.8	1
GSM1863702	5.03	12.2	4.55	104	149	26.8	20	74.5	27.2	23.4	1
GSM1863703	31.8	173	104	581	909	47.5	40.5	287	120	69.7	1
GSM1863704	55.9	443	170	1120	1960	83.2	60.4	330	185	170	1
GSM1863705	32.8	264	147	456	486	61.3	68.3	319	160	89.2	1
GSM1863706	17.4	81.7	42.3	341	303	36.5	44	165	80.5	51.2	1
GSM1863707	65.9	668	350	1280	1800	122	105	614	249	185	1
GSM1863708	90.4	636	302	1700	758	148	141	867	220	218	1
GSM1863709	10.5	22.6	9.51	189	126	32	18.5	107	37.8	25.3	1
GSM1863710	18.5	58	19.4	201	109	33	27.7	224	37.5	33.4	1
GSM1863711	18.1	241	154	461	642	42	25.9	231	184	55.9	1
GSM1863640	4.44	7.62	1.63	45.6	63.6	17.8	13.8	86.9	12.1	19.4	1
GSM1863712	25.5	222	155	544	699	43.7	37.8	216	121	56.2	1
GSM1863713	12.5	143	80.3	120	202	23.5	14	149	65.3	22.9	1
GSM1863714	43.5	220	102	742	538	74.5	91.2	417	153	145	1
GSM1863715	36.9	300	176	629	745	62.9	37.3	320	168	90.7	1
GSM1863716	10.2	175	88.9	171	251	32.9	23.3	168	112	39	1
GSM1863717	8.02	85.9	27.6	140	134	25.3	11.2	169	41.8	23.5	1
GSM1863718	24.7	237	102	477	606	50.6	38.6	283	121	63.7	1
GSM1863719	18.7	315	160	379	389	49.5	51.4	281	130	69.8	1
GSM1863720	14.6	363	152	286	357	38.9	29.6	217	112	44.6	1
GSM1863721	20.4	231	116	314	161	41.2	31.6	212	95.4	47.9	1
GSM1863641	4.66	7.95	1.69	38.2	21.7	16	10.3	89.6	11.6	12.9	1
GSM1863722	40.7	575	287	612	532	68.4	38.6	381	158	77	1
GSM1863723	31.7	189	110	824	598	72.3	58.4	329	134	92.5	1
GSM1863724	30.2	433	232	666	949	82.7	49.9	398	204	119	1
GSM1863725	52.8	366	193	983	728	79.5	45	425	165	93.2	1
GSM1863726	32.3	208	65.7	678	229	76.3	58.3	410	85.1	81.9	1
GSM1863727	21.8	274	113	486	538	53.6	23.4	299	95.2	48.3	1
GSM1863728	22.9	145	84	339	749	45.8	33.7	225	108	50.1	1
GSM1863729	17.5	332	152	387	443	44.8	32.4	278	129	78.8	1
GSM1863730	29.5	282	144	529	243	50.7	31.4	258	132	60.9	1
GSM1863731	12.3	143	83.5	272	211	37.4	27.9	190	101	55.1	1
